            0.000010           271.118652           270.943115             0.176383  
            0.000011           253.633789           253.478760             0.157500  
            0.000011           253.633789           253.478760             0.157500  
            0.000012           248.923340           248.757568             0.164095  
            0.000013           234.722412           234.575195             0.147958  
            0.000014           230.168457           230.017822             0.151284  
            0.000015           215.504028           215.373657             0.131151  
            0.000016           212.666870           212.531006             0.135726  
            0.000018           201.398071           201.267944             0.129920  
            0.000019           191.040894           190.926270             0.115543  
            0.000020           187.422607           187.307373             0.115285  
            0.000022           180.755127           180.640991             0.114391  
            0.000024           171.375000           171.270630             0.105836  
            0.000026           170.725342           170.609741             0.114942  
            0.000028           158.024597           157.928040             0.096567  
            0.000029           159.226013           159.122437             0.103521  
            0.000031           153.424927           153.326294             0.098852  
            0.000033           149.465576           149.367920             0.097470  
            0.000035           144.615601           144.522156             0.093501  
            0.000039           133.338135           133.257751             0.080562  
            0.000043           131.487366           131.400513             0.086548  
            0.000046           124.735229           124.656555             0.078440  
            0.000050           119.342102           119.267639             0.074564  
            0.000053           118.104950           118.027344             0.077203  
            0.000056           112.801514           112.730835             0.070515  
            0.000059           110.807098           110.735992             0.070675  
            0.000063           107.872955           107.803162             0.069787  
            0.000069           102.761292           102.695343             0.065976  
            0.000075            97.025452            96.965729             0.059899  
            0.000081            95.715576            95.652832             0.062769  
            0.000088            90.389435            90.332306             0.057051  
            0.000094            86.865601            86.811707             0.053894  
            0.000100            85.067383            85.013275             0.054088  
            0.000106            81.551956            81.501663             0.050178  
            0.000113            79.595459            79.545517             0.049914  
            0.000119            77.078690            77.031113             0.047567  
            0.000125            75.916824            75.868774             0.047951  
            0.000138            73.569672            73.521194             0.048492  
            0.000150            69.416077            69.372131             0.043974  
            0.000163            66.587677            66.545639             0.042152  
            0.000175            64.760986            64.719208             0.041746  
            0.000188            62.400475            62.360405             0.040077  
            0.000200            60.062195            60.024300             0.037878  
            0.000219            57.525070            57.488564             0.036444  
            0.000238            54.956581            54.922218             0.034439  
            0.000256            53.120834            53.087357             0.033466  
            0.000275            51.002899            50.971107             0.031714  
            0.000294            49.844910            49.813194             0.031778  
            0.000313            48.158836            48.128326             0.030443  
            0.000331            46.892090            46.862404             0.029714  
            0.000350            45.471043            45.442436             0.028585  
            0.000388            43.263187            43.235897             0.027269  
            0.000425            41.215054            41.189354             0.025745  
            0.000463            39.737682            39.712540             0.025169  
            0.000500            38.199932            38.175873             0.024094  
            0.000531            37.126606            37.103119             0.023475  
            0.000563            36.098995            36.076122             0.022859  
            0.000594            35.192852            35.170544             0.022330  
            0.000625            34.258011            34.236397             0.021627  
            0.000688            32.710915            32.690224             0.020683  
            0.000750            31.304243            31.284527             0.019699  
            0.000813            30.081017            30.062113             0.018897  
            0.000875            28.929901            28.911879             0.018021  
            0.000938            28.013842            27.996326             0.017513  
            0.001000            27.219067            27.201950             0.017105  
            0.001063            26.426409            26.409792             0.016601  
            0.001125            25.616751            25.600807             0.015936  
            0.001187            25.095654            25.079844             0.015814  
            0.001250            24.458834            24.443466             0.015375  
            0.001375            23.340553            23.325947             0.014621  
            0.001500            22.335453            22.321552             0.013895  
            0.001625            21.469662            21.456364             0.013298  
            0.001750            20.754719            20.741837             0.012886  
            0.001875            20.046028            20.033653             0.012369  
            0.002000            19.443792            19.431820             0.011983  
            0.002188            18.573032            18.561716             0.011323  
            0.002375            17.923162            17.912167             0.010986  
            0.002563            17.332430            17.321774             0.010659  
            0.002750            16.784023            16.773699             0.010317  
            0.002938            16.186989            16.177197             0.009786  
            0.003125            15.825164            15.815474             0.009693  
            0.003312            15.354520            15.345226             0.009300  
            0.003500            14.974514            14.965461             0.009054  
            0.003875            14.305322            14.296694             0.008622  
            0.004250            13.737640            13.729378             0.008267  
            0.004625            13.207664            13.199789             0.007878  
            0.005000            12.776704            12.769092             0.007613  
            0.005313            12.444763            12.437376             0.007394  
            0.005625            12.095028            12.087940             0.007089  
            0.005938            11.827783            11.820857             0.006926  
            0.006250            11.582661            11.575891             0.006777  
            0.006875            11.143227            11.136723             0.006503  
            0.007500            10.750553            10.744323             0.006237  
            0.008125            10.362663            10.356759             0.005906  
            0.008750            10.068217            10.062499             0.005718  
            0.009375             9.810652             9.805095             0.005560  
            0.010000             9.564433             9.559046             0.005383  
            0.010625             9.328975             9.323783             0.005195  
            0.011250             9.144604             9.139515             0.005087  
            0.011875             8.963919             8.958961             0.004960  
            0.012500             8.793207             8.788378             0.004832  
            0.013750             8.476307             8.471731             0.004572  
            0.015000             8.221047             8.216665             0.004383  
            0.016250             8.006932             8.002703             0.004234  
            0.017500             7.805199             7.801128             0.004071  
            0.018750             7.661199             7.657198             0.004001  
            0.020000             7.460836             7.457057             0.003779  
            0.021325             7.321515             7.317834             0.003679  
            0.022650             7.198132             7.194542             0.003590  
            0.023975             7.081529             7.078032             0.003498  
            0.025300             6.971194             6.967790             0.003404  
            0.026844             6.836917             6.833652             0.003263  
            0.028387             6.750623             6.747411             0.003212  
            0.029931             6.644032             6.640932             0.003102  
            0.031475             6.562384             6.559348             0.003034  
            0.034563             6.413155             6.410252             0.002901  
            0.037650             6.284660             6.281879             0.002780  
            0.040738             6.176942             6.174263             0.002680  
            0.043825             6.085038             6.082444             0.002594  
            0.046913             6.002714             6.000199             0.002512  
            0.050000             5.909942             5.907548             0.002395  
            0.053125             5.861351             5.858987             0.002363  
            0.056250             5.787223             5.784958             0.002267  
            0.059375             5.721942             5.719759             0.002182  
            0.062500             5.699518             5.697335             0.002184  
            0.068750             5.604083             5.602022             0.002061  
            0.075000             5.524916             5.522959             0.001956  
            0.081250             5.464747             5.462865             0.001879  
            0.087500             5.432038             5.430185             0.001852  
            0.093750             5.393971             5.392164             0.001806  
            0.100000             5.351313             5.349570             0.001744  
            0.106250             5.306455             5.304784             0.001671  
            0.112500             5.260189             5.258599             0.001591  
            0.118750             5.237784             5.236223             0.001560  
            0.125000             5.223783             5.222238             0.001545  
            0.137500             5.177569             5.176102             0.001468  
            0.150000             5.146142             5.144726             0.001416  
            0.162500             5.127738             5.126349             0.001388  
            0.175000             5.106789             5.105438             0.001351  
            0.187500             5.052581             5.051344             0.001238  
            0.200000             5.032881             5.031683             0.001199  
            0.218750             5.026914             5.025725             0.001189  
            0.237500             5.014321             5.013159             0.001162  
            0.256250             5.002633             5.001497             0.001135  
            0.275000             4.974921             4.973849             0.001072  
            0.293750             4.943652             4.942651             0.001001  
            0.312500             4.936006             4.935025             0.000981  
            0.331250             4.919629             4.918687             0.000941  
            0.350000             4.905655             4.904750             0.000906  
            0.387500             4.894600             4.893727             0.000873  
            0.425000             4.876912             4.876088             0.000824  
            0.500000             4.859027             4.858261             0.000767  
            0.625000             4.835102             4.834416             0.000686  
            0.750000             4.819168             4.818542             0.000626  
            0.875000             4.807785             4.807206             0.000580  
            1.000000             4.799246             4.798704             0.000542  
            1.250000             4.787285             4.786800             0.000485  
            1.500000             4.779301             4.778858             0.000443  
            1.750000             4.773595             4.773187             0.000410  
            2.000000             4.769317             4.768933             0.000383  
            2.375000             4.764585             4.764233             0.000352  
            2.750000             4.761139             4.760813             0.000327  
            3.125000             4.758520             4.758213             0.000306  
            3.500000             4.756462             4.756173             0.000289  
            4.250000             4.753431             4.753169             0.000263  
            5.000000             4.751307             4.751064             0.000242  
            6.250000             4.748893             4.748676             0.000217  
            7.500000             4.747277             4.747080             0.000198  
            8.750000             4.746121             4.745938             0.000183  
           10.000000             4.745253             4.745081             0.000171  
           12.500000             4.744033             4.743879             0.000153  
           15.000000             4.743213             4.743073             0.000140  
           17.500000             4.742624             4.742496             0.000129  
           20.000000             4.742180             4.742058             0.000121  
           23.750000             4.741682             4.741571             0.000111  
           27.500000             4.741315             4.741212             0.000103  
           31.250000             4.741032             4.740934             0.000097  
           35.000000             4.740805             4.740715             0.000091  
           42.500000             4.740464             4.740380             0.000083  
           50.000000             4.740211             4.740135             0.000077  
           62.500000             4.739909             4.739840             0.000068  
           75.000000             4.739687             4.739624             0.000062  
           87.500000             4.739510             4.739453             0.000058  
          100.000000             4.739365             4.739311             0.000054  
          125.000000             2.333318             2.333294             0.000024  
