            0.000010           175.625122           175.454712             0.169991  
            0.000011           168.334961           168.171631             0.164003  
            0.000011           168.334961           168.171631             0.164003  
            0.000012           159.726624           159.572571             0.153855  
            0.000013           153.518066           153.369995             0.147934  
            0.000014           148.617920           148.473755             0.144040  
            0.000015           143.862793           143.722656             0.139767  
            0.000016           138.769775           138.635498             0.134173  
            0.000018           131.023315           130.896606             0.126896  
            0.000019           127.536804           127.413025             0.123520  
            0.000020           124.751221           124.629883             0.121355  
            0.000022           118.411621           118.297241             0.114522  
            0.000024           113.599701           113.489929             0.110134  
            0.000026           109.011749           108.906250             0.105512  
            0.000028           104.967834           104.866241             0.101488  
            0.000029           103.489227           103.388794             0.100474  
            0.000031            99.534912            99.439178             0.095940  
            0.000033            96.576508            96.483307             0.093204  
            0.000035            93.587372            93.497284             0.090075  
            0.000039            88.760559            88.674683             0.085530  
            0.000043            84.605652            84.524063             0.081595  
            0.000046            81.892365            81.813492             0.079075  
            0.000050            78.528717            78.453003             0.075781  
            0.000053            76.431519            76.357620             0.073934  
            0.000056            74.449051            74.377014             0.072115  
            0.000059            72.441818            72.371704             0.070046  
            0.000063            70.015549            69.947983             0.067572  
            0.000069            67.062759            66.997879             0.064892  
            0.000075            64.415192            64.352722             0.062415  
            0.000081            61.753326            61.693611             0.059530  
            0.000088            59.458138            59.400513             0.057549  
            0.000094            57.424408            57.369003             0.055430  
            0.000100            55.574188            55.520699             0.053498  
            0.000106            54.083893            54.031662             0.052171  
            0.000113            52.366829            52.316322             0.050471  
            0.000119            51.096405            51.047142             0.049308  
            0.000125            49.905685            49.857452             0.048200  
            0.000138            47.433632            47.387917             0.045694  
            0.000150            45.384834            45.341255             0.043546  
            0.000163            43.613064            43.571190             0.041901  
            0.000175            42.195499            42.154835             0.040633  
            0.000188            40.678787            40.639671             0.039098  
            0.000200            39.427658            39.389843             0.037849  
            0.000219            37.729641            37.693447             0.036234  
            0.000238            36.250221            36.215363             0.034838  
            0.000256            34.940197            34.906704             0.033521  
            0.000275            33.735519            33.703171             0.032352  
            0.000294            32.655937            32.624626             0.031311  
            0.000313            31.652107            31.621788             0.030311  
            0.000331            30.827829            30.798283             0.029545  
            0.000350            30.047615            30.018803             0.028843  
            0.000388            28.528732            28.501431             0.027301  
            0.000425            27.256741            27.230715             0.026014  
            0.000463            26.183956            26.158962             0.025010  
            0.000500            25.215321            25.191271             0.024046  
            0.000531            24.479729            24.456432             0.023309  
            0.000563            23.780870            23.758257             0.022602  
            0.000594            23.189362            23.167313             0.022039  
            0.000625            22.635738            22.614227             0.021502  
            0.000688            21.602047            21.581587             0.020465  
            0.000750            20.738836            20.719204             0.019623  
            0.000813            19.950241            19.931416             0.018834  
            0.000875            19.253338            19.235210             0.018127  
            0.000938            18.648750            18.631193             0.017548  
            0.001000            18.093006            18.076015             0.016992  
            0.001063            17.586086            17.569595             0.016491  
            0.001125            17.108316            17.092319             0.015992  
            0.001187            16.708769            16.693142             0.015619  
            0.001250            16.298426            16.283236             0.015190  
            0.001375            15.597676            15.583187             0.014485  
            0.001500            15.001394            14.987497             0.013899  
            0.001625            14.455849            14.442516             0.013334  
            0.001750            13.974606            13.961772             0.012837  
            0.001875            13.550989            13.538585             0.012407  
            0.002000            13.164028            13.152025             0.012006  
            0.002188            12.639332            12.627879             0.011450  
            0.002375            12.207404            12.196385             0.011018  
            0.002563            11.815192            11.804587             0.010612  
            0.002750            11.450837            11.440627             0.010214  
            0.002938            11.151264            11.141347             0.009917  
            0.003125            10.870747            10.861121             0.009624  
            0.003312            10.598287            10.588968             0.009318  
            0.003500            10.363246            10.354180             0.009069  
            0.003875             9.946218             9.937604             0.008620  
            0.004250             9.591279             9.583045             0.008235  
            0.004625             9.287580             9.279675             0.007906  
            0.005000             9.008219             9.000629             0.007586  
            0.005313             8.811016             8.803645             0.007370  
            0.005625             8.629651             8.622483             0.007166  
            0.005938             8.466078             8.459094             0.006983  
            0.006250             8.308210             8.301415             0.006796  
            0.006875             8.033970             8.027498             0.006472  
            0.007500             7.796474             7.790289             0.006186  
            0.008125             7.597005             7.591060             0.005948  
            0.008750             7.420642             7.414909             0.005732  
            0.009375             7.267102             7.261561             0.005544  
            0.010000             7.126005             7.120640             0.005365  
            0.010625             6.998501             6.993303             0.005199  
            0.011250             6.888321             6.883263             0.005059  
            0.011875             6.784420             6.779499             0.004920  
            0.012500             6.693308             6.688506             0.004800  
            0.013750             6.533180             6.528598             0.004584  
            0.015000             6.397265             6.392869             0.004396  
            0.016250             6.270356             6.266150             0.004207  
            0.017500             6.163725             6.159678             0.004048  
            0.018750             6.074879             6.070965             0.003914  
            0.020000             6.000921             5.997121             0.003804  
            0.021325             5.920370             5.916697             0.003673  
            0.022650             5.852619             5.849056             0.003562  
            0.023975             5.794178             5.790712             0.003466  
            0.025300             5.741353             5.737978             0.003376  
            0.026844             5.689014             5.685728             0.003287  
            0.028387             5.636929             5.633735             0.003194  
            0.029931             5.592327             5.589214             0.003113  
            0.031475             5.546761             5.543735             0.003026  
            0.034563             5.476685             5.473793             0.002892  
            0.037650             5.420161             5.417383             0.002779  
            0.040738             5.371084             5.368409             0.002677  
            0.043825             5.318006             5.315442             0.002562  
            0.046913             5.291486             5.288983             0.002502  
            0.050000             5.258942             5.256516             0.002427  
            0.053125             5.221108             5.218769             0.002339  
            0.056250             5.190191             5.187926             0.002264  
            0.059375             5.167352             5.165145             0.002206  
            0.062500             5.152274             5.150108             0.002165  
            0.068750             5.125679             5.123590             0.002088  
            0.075000             5.075478             5.073518             0.001960  
            0.081250             5.055007             5.053112             0.001896  
            0.087500             5.030651             5.028828             0.001823  
            0.093750             5.006800             5.005047             0.001752  
            0.100000             5.000191             4.998472             0.001719  
            0.106250             4.977469             4.975815             0.001652  
            0.112500             4.956258             4.954670             0.001588  
            0.118750             4.960556             4.958974             0.001581  
            0.125000             4.944779             4.943248             0.001531  
            0.137500             4.927973             4.926509             0.001464  
            0.150000             4.906526             4.905136             0.001389  
            0.162500             4.897078             4.895735             0.001342  
            0.175000             4.886103             4.884810             0.001294  
            0.187500             4.876277             4.875027             0.001250  
            0.200000             4.867726             4.866515             0.001210  
            0.218750             4.856751             4.855595             0.001157  
            0.237500             4.847513             4.846402             0.001111  
            0.256250             4.839627             4.838558             0.001069  
            0.275000             4.832816             4.831784             0.001032  
            0.293750             4.826873             4.825875             0.000999  
            0.312500             4.821645             4.820676             0.000968  
            0.331250             4.817008             4.816067             0.000941  
            0.350000             4.812867             4.811953             0.000915  
            0.387500             4.805790             4.804920             0.000870  
            0.425000             4.799963             4.799131             0.000831  
            0.500000             4.790926             4.790160             0.000767  
            0.625000             4.780657             4.779971             0.000686  
            0.750000             4.773789             4.773163             0.000626  
            0.875000             4.768885             4.768306             0.000580  
            1.000000             4.765214             4.764672             0.000542  
            1.250000             4.760062             4.759577             0.000485  
            1.500000             4.756613             4.756169             0.000443  
            1.750000             4.754147             4.753738             0.000410  
            2.000000             4.752300             4.751918             0.000383  
            2.375000             4.750256             4.749905             0.000352  
            2.750000             4.748765             4.748436             0.000326  
            3.125000             4.747628             4.747322             0.000306  
            3.500000             4.746738             4.746449             0.000289  
            4.250000             4.745424             4.745160             0.000263  
            5.000000             4.744500             4.744258             0.000242  
            6.250000             4.743447             4.743230             0.000217  
            7.500000             4.742739             4.742541             0.000198  
            8.750000             4.742231             4.742048             0.000183  
           10.000000             4.741848             4.741677             0.000171  
           12.500000             4.741310             4.741157             0.000153  
           15.000000             4.740944             4.740804             0.000140  
           17.500000             4.740679             4.740550             0.000129  
           20.000000             4.740478             4.740357             0.000121  
           23.750000             4.740249             4.740139             0.000111  
           27.500000             4.740078             4.739974             0.000103  
           31.250000             4.739943             4.739846             0.000097  
           35.000000             4.739833             4.739741             0.000091  
           42.500000             4.739663             4.739580             0.000083  
           50.000000             4.739530             4.739454             0.000077  
           62.500000             4.739364             4.739295             0.000068  
           75.000000             4.739233             4.739170             0.000062  
           87.500000             4.739121             4.739065             0.000058  
          100.000000             4.739024             4.738970             0.000054  
          125.000000             2.347231             2.347207             0.000024  
