Carbon
2
12
0.08
3
1124
1 2 102
0.000010	78.274050	78.103550	0.170500
0.000011	75.944380	75.778970	0.165409
0.000011	73.811870	73.651120	0.160749
0.000012	71.850200	71.693740	0.156462
0.000013	70.037730	69.885230	0.152500
0.000014	66.791370	66.645970	0.145403
0.000015	63.960330	63.821110	0.139212
0.000016	61.463060	61.329310	0.133751
0.000018	59.238820	59.109930	0.128885
0.000019	57.241270	57.116760	0.124515
0.000020	55.434410	55.313850	0.120561
0.000022	53.020900	52.905620	0.115278
0.000024	50.899780	50.789150	0.110634
0.000026	49.016510	48.910000	0.106509
0.000028	47.329780	47.226960	0.102814
0.000029	45.807680	45.708200	0.099478
0.000031	44.425120	44.328680	0.096448
0.000033	43.162050	43.068370	0.093678
0.000035	42.002220	41.911090	0.091134
0.000039	39.941360	39.854740	0.086612
0.000043	38.160700	38.078000	0.082702
0.000046	36.602170	36.522890	0.079278
0.000050	35.223270	35.147020	0.076247
0.000053	34.188080	34.114110	0.073970
0.000056	33.240860	33.168980	0.071886
0.000059	32.369870	32.299900	0.069969
0.000063	31.565440	31.497240	0.068197
0.000069	30.125420	30.060400	0.065023
0.000075	28.870600	28.808350	0.062254
0.000081	27.764580	27.704770	0.059811
0.000088	26.780240	26.722610	0.057635
0.000094	25.896930	25.841240	0.055681
0.000100	25.098530	25.044620	0.053912
0.000106	24.372360	24.320060	0.052302
0.000113	23.708220	23.657400	0.050829
0.000119	23.097820	23.048350	0.049473
0.000125	22.534340	22.486120	0.048220
0.000138	21.526350	21.480370	0.045975
0.000150	20.648840	20.604820	0.044017
0.000163	19.876110	19.833820	0.042290
0.000175	19.189060	19.148310	0.040751
0.000188	18.573090	18.533720	0.039369
0.000200	18.016870	17.978750	0.038118
0.000219	17.275480	17.239030	0.036447
0.000238	16.625580	16.590600	0.034979
0.000256	16.050030	16.016350	0.033674
0.000275	15.535850	15.503340	0.032505
0.000294	15.073040	15.041590	0.031450
0.000313	14.653720	14.623230	0.030492
0.000331	14.271600	14.241990	0.029616
0.000350	13.921610	13.892800	0.028811
0.000388	13.302020	13.274640	0.027380
0.000425	12.769350	12.743210	0.026144
0.000463	12.305440	12.280380	0.025061
0.000500	11.897020	11.872920	0.024102
0.000531	11.591800	11.568420	0.023381
0.000563	11.313660	11.290930	0.022722
0.000594	11.058930	11.036820	0.022115
0.000625	10.824620	10.803070	0.021555
0.000688	10.407680	10.387130	0.020551
0.000750	10.047260	10.027580	0.019675
0.000813	9.732080	9.713178	0.018902
0.000875	9.453771	9.435558	0.018213
0.000938	9.205958	9.188364	0.017595
0.001000	8.983694	8.966659	0.017035
0.001063	8.783078	8.766552	0.016526
0.001125	8.600982	8.584922	0.016059
0.001187	8.434871	8.419241	0.015630
0.001250	8.282664	8.267430	0.015234
0.001375	8.013337	7.998814	0.014523
0.001500	7.782245	7.768342	0.013904
0.001625	7.581626	7.568269	0.013357
0.001750	7.405721	7.392851	0.012870
0.001875	7.250164	7.237732	0.012432
0.002000	7.111576	7.099540	0.012036
0.002188	6.929845	6.918337	0.011508
0.002375	6.773584	6.762542	0.011042
0.002563	6.637773	6.627143	0.010629
0.002750	6.518639	6.508380	0.010259
0.002938	6.413295	6.403370	0.009925
0.003125	6.319484	6.309862	0.009622
0.003312	6.235421	6.226077	0.009344
0.003500	6.159672	6.150582	0.009090
0.003875	6.028661	6.020024	0.008637
0.004250	5.919370	5.911125	0.008245
0.004625	5.826863	5.818960	0.007902
0.005000	5.747588	5.739989	0.007599
0.005313	5.689723	5.682353	0.007371
0.005625	5.638054	5.630892	0.007162
0.005938	5.591647	5.584677	0.006970
0.006250	5.549746	5.542954	0.006793
0.006875	5.477097	5.470623	0.006475
0.007500	5.416319	5.410121	0.006198
0.008125	5.364745	5.358792	0.005953
0.008750	5.320446	5.314711	0.005735
0.009375	5.281996	5.276456	0.005540
0.010000	5.248313	5.242951	0.005363
0.010625	5.218568	5.213366	0.005202
0.011250	5.192110	5.187056	0.005055
0.011875	5.168425	5.163506	0.004919
0.012500	5.147099	5.142305	0.004794
0.013750	5.110247	5.105677	0.004570
0.015000	5.079522	5.075147	0.004374
0.016250	5.053513	5.049311	0.004202
0.017500	5.031214	5.027165	0.004049
0.018750	5.011882	5.007970	0.003912
0.020000	4.994962	4.991175	0.003787
0.021325	4.979189	4.975522	0.003668
0.022650	4.965258	4.961699	0.003559
0.023975	4.952864	4.949405	0.003460
0.025300	4.941766	4.938398	0.003368
0.026844	4.930214	4.926944	0.003270
0.028387	4.919916	4.916735	0.003181
0.029931	4.910678	4.907580	0.003098
0.031475	4.902345	4.899322	0.003022
0.034563	4.887905	4.885020	0.002886
0.037650	4.875829	4.873063	0.002766
0.040738	4.865578	4.862917	0.002661
0.043825	4.856768	4.854201	0.002567
0.046913	4.849114	4.846632	0.002482
0.050000	4.842403	4.839998	0.002405
0.053125	4.836402	4.834067	0.002335
0.056250	4.831066	4.828796	0.002270
0.059375	4.826290	4.824079	0.002211
0.062500	4.821989	4.819834	0.002156
0.068750	4.814557	4.812500	0.002057
0.075000	4.808360	4.806389	0.001971
0.081250	4.803112	4.801218	0.001894
0.087500	4.798611	4.796785	0.001826
0.093750	4.794709	4.792944	0.001765
0.100000	4.791292	4.789582	0.001710
0.106250	4.788276	4.786617	0.001659
0.112500	4.785594	4.783981	0.001612
0.118750	4.783193	4.781623	0.001570
0.125000	4.781031	4.779501	0.001530
0.137500	4.777295	4.775836	0.001459
0.150000	4.774179	4.772782	0.001397
0.162500	4.771540	4.770198	0.001342
0.175000	4.769276	4.767983	0.001293
0.187500	4.767313	4.766063	0.001249
0.200000	4.765593	4.764383	0.001210
0.218750	4.763381	4.762224	0.001157
0.237500	4.761515	4.760405	0.001110
0.256250	4.759922	4.758853	0.001069
0.275000	4.758544	4.757512	0.001032
0.293750	4.757341	4.756342	0.000998
0.312500	4.756281	4.755313	0.000968
0.331250	4.755340	4.754400	0.000940
0.350000	4.754500	4.753585	0.000915
0.387500	4.753061	4.752192	0.000869
0.425000	4.751874	4.751044	0.000830
0.500000	4.750031	4.749265	0.000765
0.625000	4.747933	4.747249	0.000685
0.750000	4.746529	4.745904	0.000625
0.875000	4.745522	4.744944	0.000579
1.000000	4.744764	4.744223	0.000541
1.250000	4.743698	4.743214	0.000484
1.500000	4.742982	4.742540	0.000442
1.750000	4.742468	4.742059	0.000409
2.000000	4.742080	4.741697	0.000383
2.375000	4.741649	4.741298	0.000351
2.750000	4.741333	4.741006	0.000326
3.125000	4.741090	4.740784	0.000306
3.500000	4.740898	4.740609	0.000289
4.250000	4.740612	4.740350	0.000262
5.000000	4.740410	4.740168	0.000242
6.250000	4.740175	4.739958	0.000216
7.500000	4.740013	4.739816	0.000198
8.750000	4.739896	4.739713	0.000183
10.000000	4.739804	4.739633	0.000171
12.500000	4.739674	4.739521	0.000153
15.000000	4.739582	4.739442	0.000140
17.500000	4.739512	4.739383	0.000129
20.000000	4.739456	4.739335	0.000121
23.750000	4.739389	4.739278	0.000111
27.500000	4.739335	4.739232	0.000103
31.250000	4.739289	4.739192	0.000097
35.000000	4.739249	4.739158	0.000091
42.500000	4.739182	4.739099	0.000083
50.000000	4.739122	4.739046	0.000077
62.500000	4.739037	4.738969	0.000068
75.000000	4.738961	4.738898	0.000062
87.500000	4.738888	4.738831	0.000058
100.000000	4.738820	4.738766	0.000054
125.000000	4.738690	4.738641	0.000048
150.000000	4.738564	4.738520	0.000044
175.000000	4.738441	4.738400	0.000041
200.000000	4.738320	4.738282	0.000038
237.500000	4.738140	4.738105	0.000035
275.000000	4.737963	4.737930	0.000033
312.500000	4.737787	4.737756	0.000031
350.000000	4.737611	4.737582	0.000029
425.000000	4.737261	4.737235	0.000026
500.000000	4.736913	4.736889	0.000024
625.000000	4.736335	4.736313	0.000022
750.000000	4.735757	4.735738	0.000020
875.000000	4.735181	4.735163	0.000018
1000.000000	4.734605	4.734588	0.000017
1250.000000	4.733448	4.733431	0.000017
1500.000000	4.732291	4.732274	0.000016
1750.000000	4.731135	4.731119	0.000016
2000.000000	4.729978	4.729962	0.000015
2750.000000	4.726508	4.726494	0.000014
3500.000000	4.723039	4.723026	0.000013
4250.000000	4.719569	4.719558	0.000011
5000.000000	4.716103	4.716093	0.000010
6250.000000	4.711850	4.711843	0.000008
7500.000000	4.707601	4.707596	0.000005
8750.000000	4.703351	4.703348	0.000003
10000.000000	4.699100	4.699099	0.000001
12500.000000	4.690600	4.690599	0.000001
15000.000000	4.682100	4.682099	0.000001
17500.000000	4.673700	4.673699	0.000001
20000.000000	4.665300	4.665299	0.000001
22500.000000	4.656950	4.656949	0.000001
25000.000000	4.648600	4.648599	0.000001
27500.000000	4.640250	4.640249	0.000001
30000.000000	4.631900	4.631899	0.000001
32500.000000	4.623650	4.623649	0.000001
35000.000000	4.615400	4.615399	0.000001
40000.000000	4.598900	4.598899	0.000001
45000.000000	4.582500	4.582499	0.000001
50000.000000	4.566200	4.566199	0.000001
62500.000000	4.526200	4.526199	0.000001
75000.000000	4.486201	4.486200	0.000001
87500.000000	4.447300	4.447299	0.000001
100000.000000	4.408400	4.408399	0.000001
125000.000000	4.330101	4.330100	0.000001
130000.000000	4.314803	4.314802	0.000001
135000.000000	4.301203	4.301202	0.000001
140000.000000	4.289107	4.289106	0.000001
142500.000000	4.284813	4.284812	0.000001
145000.000000	4.283838	4.283837	0.000001
150000.000000	4.340275	4.340274	0.000001
151000.000000	4.393995	4.393994	0.000001
152000.000000	4.476157	4.476157	0.000001
152900.000000	4.519490	4.519489	0.000001
154000.000000	4.454282	4.454281	0.000001
155000.000000	4.373400	4.373399	0.000001
156000.000000	4.321278	4.321277	0.000001
158000.000000	4.271142	4.271141	0.000001
160000.000000	4.248442	4.248441	0.000001
165000.000000	4.220410	4.220409	0.000001
170000.000000	4.202105	4.202104	0.000001
175000.000000	4.186102	4.186101	0.000001
180000.000000	4.171202	4.171201	0.000001
200000.000000	4.115901	4.115900	0.000001
225000.000000	4.048401	4.048400	0.000001
250000.000000	3.982800	3.982800	0.000001
275000.000000	3.918201	3.918200	0.000001
300000.000000	3.855101	3.855100	0.000001
325000.000000	3.793701	3.793700	0.000001
350000.000000	3.733801	3.733800	0.000001
375000.000000	3.675301	3.675300	0.000001
400000.000000	3.618201	3.618200	0.000001
425000.000000	3.562601	3.562600	0.000001
450000.000000	3.508201	3.508200	0.000001
475000.000000	3.455101	3.455100	0.000001
500000.000000	3.403301	3.403300	0.000001
525000.000000	3.352701	3.352700	0.000001
550000.000000	3.303201	3.303200	0.000001
575000.000000	3.254901	3.254900	0.000001
600000.000000	3.207601	3.207600	0.000001
625000.000000	3.161501	3.161500	0.000001
650000.000000	3.116301	3.116300	0.000001
675000.000000	3.072201	3.072200	0.000001
700000.000000	3.029001	3.029000	0.000001
725000.000000	2.986801	2.986800	0.000001
750000.000000	2.945401	2.945400	0.000001
775000.000000	2.905001	2.905000	0.000001
800000.000000	2.865401	2.865400	0.000001
825000.000000	2.826701	2.826700	0.000001
850000.000000	2.788801	2.788800	0.000001
875000.000000	2.751701	2.751700	0.000001
900000.000000	2.715401	2.715400	0.000001
925000.000000	2.679801	2.679800	0.000001
950000.000000	2.645001	2.645000	0.000001
975000.000000	2.610801	2.610800	0.000001
1000000.000000	2.577401	2.577400	0.000001
1050000.000000	2.512501	2.512499	0.000001
1100000.000000	2.450300	2.450299	0.000002
1150000.000000	2.390500	2.390499	0.000002
1200000.000000	2.333101	2.333099	0.000002
1250000.000000	2.277901	2.277899	0.000002
1300000.000000	2.224901	2.224898	0.000002
1350000.000000	2.173900	2.173898	0.000003
1400000.000000	2.125000	2.124997	0.000003
1450000.000000	2.078001	2.077997	0.000003
1500000.000000	2.032800	2.032797	0.000003
1550000.000000	1.988800	1.988796	0.000004
1600000.000000	1.946500	1.946496	0.000004
1650000.000000	1.905900	1.905896	0.000004
1680000.000000	1.881899	1.881895	0.000004
1700000.000000	1.865501	1.865496	0.000004
1710000.000000	1.857403	1.857398	0.000004
1720000.000000	1.850717	1.850712	0.000004
1730000.000000	1.854730	1.854726	0.000004
1736000.000000	1.862439	1.862434	0.000004
1740000.000000	1.854400	1.854395	0.000004
1750000.000000	1.832724	1.832719	0.000004
1760000.000000	1.824403	1.824399	0.000004
1770000.000000	1.818000	1.817995	0.000004
1780000.000000	1.811498	1.811494	0.000005
1790000.000000	1.804799	1.804795	0.000005
1800000.000000	1.798000	1.797995	0.000005
1820000.000000	1.784400	1.784395	0.000005
1850000.000000	1.764400	1.764395	0.000005
1900000.000000	1.731900	1.731895	0.000005
1950000.000000	1.700600	1.700595	0.000005
2000000.000000	1.670405	1.670399	0.000005
2025000.000000	1.659100	1.659094	0.000006
2050000.000000	1.684900	1.684894	0.000006
2052000.000000	1.695100	1.695094	0.000006
2053000.000000	1.702000	1.701994	0.000006
2054000.000000	1.708900	1.708894	0.000006
2056000.000000	1.727800	1.727794	0.000006
2058000.000000	1.754200	1.754194	0.000006
2060000.000000	1.791800	1.791794	0.000006
2061000.000000	1.816500	1.816494	0.000006
2062000.000000	1.846700	1.846694	0.000006
2063000.000000	1.883600	1.883594	0.000006
2064000.000000	1.929400	1.929394	0.000006
2065000.000000	1.986800	1.986794	0.000006
2066000.000000	2.059500	2.059494	0.000006
2067000.000000	2.152500	2.152494	0.000006
2068000.000000	2.273600	2.273594	0.000006
2069000.000000	2.432800	2.432794	0.000006
2070000.000000	2.644900	2.644894	0.000006
2071000.000000	2.929700	2.929694	0.000006
2072000.000000	3.312200	3.312194	0.000006
2073000.000000	3.817600	3.817594	0.000006
2074000.000000	4.451100	4.451094	0.000006
2075000.000000	5.156500	5.156494	0.000006
2076000.000000	5.766400	5.766394	0.000006
2077000.000000	6.043500	6.043494	0.000006
2078000.000000	5.871900	5.871894	0.000006
2079000.000000	5.372800	5.372794	0.000006
2080000.000000	4.765400	4.765394	0.000006
2081000.000000	4.198900	4.198894	0.000006
2082000.000000	3.728200	3.728194	0.000006
2083000.000000	3.355900	3.355894	0.000006
2084000.000000	3.065800	3.065794	0.000006
2085000.000000	2.839900	2.839894	0.000006
2086000.000000	2.662600	2.662594	0.000006
2087000.000000	2.521800	2.521794	0.000006
2088000.000000	2.408500	2.408494	0.000006
2089000.000000	2.316600	2.316594	0.000006
2090000.000000	2.240700	2.240694	0.000006
2091000.000000	2.177600	2.177594	0.000006
2092000.000000	2.124500	2.124494	0.000006
2093000.000000	2.079400	2.079394	0.000006
2094000.000000	2.040700	2.040694	0.000006
2095000.000000	2.007300	2.007294	0.000006
2096000.000000	1.978300	1.978294	0.000006
2097000.000000	1.952800	1.952794	0.000006
2098000.000000	1.930300	1.930294	0.000006
2099000.000000	1.910400	1.910394	0.000006
2100000.000000	1.892600	1.892594	0.000006
2102000.000000	1.862400	1.862394	0.000006
2104000.000000	1.837600	1.837594	0.000006
2106000.000000	1.817000	1.816994	0.000006
2108000.000000	1.799600	1.799594	0.000006
2110000.000000	1.784800	1.784794	0.000006
2112000.000000	1.772100	1.772094	0.000006
2114000.000000	1.760900	1.760894	0.000006
2116000.000000	1.751100	1.751094	0.000006
2118000.000000	1.742400	1.742394	0.000006
2120000.000000	1.734700	1.734694	0.000006
2140000.000000	1.686300	1.686293	0.000007
2160000.000000	1.661100	1.661093	0.000007
2180000.000000	1.644500	1.644493	0.000007
2200000.000000	1.632000	1.631993	0.000007
2220000.000000	1.621900	1.621893	0.000007
2240000.000000	1.613600	1.613592	0.000008
2260000.000000	1.606500	1.606492	0.000008
2280000.000000	1.600400	1.600392	0.000008
2300000.000000	1.595300	1.595292	0.000008
2320000.000000	1.591100	1.591092	0.000008
2340000.000000	1.587800	1.587791	0.000009
2360000.000000	1.585300	1.585291	0.000009
2380000.000000	1.583700	1.583691	0.000009
2400000.000000	1.582900	1.582891	0.000009
2420000.000000	1.583100	1.583091	0.000009
2440000.000000	1.584300	1.584290	0.000010
2460000.000000	1.586600	1.586590	0.000010
2480000.000000	1.589900	1.589890	0.000010
2500000.000000	1.594500	1.594490	0.000010
2520000.000000	1.600400	1.600390	0.000010
2540000.000000	1.607700	1.607689	0.000011
2553000.000000	1.613400	1.613389	0.000011
2560000.000000	1.616500	1.616489	0.000011
2580000.000000	1.627000	1.626989	0.000011
2600000.000000	1.639500	1.639489	0.000011
2620000.000000	1.654000	1.653989	0.000011
2640000.000000	1.670900	1.670889	0.000011
2660000.000000	1.690500	1.690489	0.000011
2680000.000000	1.713200	1.713188	0.000012
2700000.000000	1.739600	1.739588	0.000012
2720000.000000	1.770200	1.770188	0.000012
2740000.000000	1.805900	1.805888	0.000012
2760000.000000	1.847800	1.847788	0.000012
2780000.000000	1.897900	1.897888	0.000012
2785000.000000	1.912000	1.911988	0.000012
2790000.000000	1.927000	1.926988	0.000012
2795000.000000	1.943100	1.943087	0.000013
2800000.000000	1.961100	1.961087	0.000013
2802000.000000	1.969300	1.969287	0.000013
2804000.000000	1.978600	1.978587	0.000013
2806000.000000	1.990300	1.990287	0.000013
2808000.000000	2.007000	2.006987	0.000013
2810000.000000	2.038900	2.038887	0.000013
2811000.000000	2.071800	2.071787	0.000013
2812000.000000	2.140000	2.139987	0.000013
2813000.000000	2.328000	2.327987	0.000013
2814000.000000	3.160500	3.160487	0.000013
2815000.000000	5.070900	5.070887	0.000013
2816000.000000	2.776200	2.776187	0.000013
2817000.000000	2.289500	2.289487	0.000013
2818000.000000	2.158900	2.158887	0.000013
2819000.000000	2.109000	2.108987	0.000013
2820000.000000	2.086300	2.086287	0.000013
2822000.000000	2.069700	2.069687	0.000013
2824000.000000	2.067300	2.067287	0.000013
2826000.000000	2.070200	2.070187	0.000013
2828000.000000	2.075600	2.075587	0.000013
2830000.000000	2.082500	2.082487	0.000013
2835000.000000	2.102900	2.102887	0.000013
2840000.000000	2.126500	2.126487	0.000013
2845000.000000	2.152200	2.152187	0.000013
2850000.000000	2.180100	2.180087	0.000013
2855000.000000	2.210200	2.210187	0.000013
2860000.000000	2.242500	2.242487	0.000013
2865000.000000	2.277400	2.277387	0.000013
2870000.000000	2.314900	2.314887	0.000013
2875000.000000	2.355500	2.355487	0.000013
2880000.000000	2.399400	2.399387	0.000013
2885000.000000	2.447000	2.446987	0.000013
2890000.000000	2.498700	2.498687	0.000013
2895000.000000	2.554800	2.554787	0.000013
2900000.000000	2.615700	2.615687	0.000013
2905000.000000	2.681800	2.681787	0.000013
2910000.000000	2.753200	2.753187	0.000013
2915000.000000	2.829600	2.829587	0.000013
2920000.000000	2.910300	2.910287	0.000013
2924000.000000	2.976800	2.976787	0.000013
2928000.000000	3.043200	3.043186	0.000014
2932000.000000	3.106700	3.106686	0.000014
2936000.000000	3.163300	3.163286	0.000014
2940000.000000	3.207000	3.206986	0.000014
2944000.000000	3.229700	3.229686	0.000014
2948000.000000	3.221200	3.221186	0.000014
2952000.000000	3.170700	3.170686	0.000014
2956000.000000	3.068600	3.068586	0.000014
2960000.000000	2.910600	2.910586	0.000014
2964000.000000	2.701300	2.701286	0.000014
2968000.000000	2.455700	2.455686	0.000014
2972000.000000	2.196000	2.195986	0.000014
2976000.000000	1.945800	1.945786	0.000014
2980000.000000	1.723500	1.723486	0.000014
2984000.000000	1.539500	1.539486	0.000014
2988000.000000	1.396200	1.396186	0.000014
2992000.000000	1.290800	1.290786	0.000014
2996000.000000	1.217600	1.217586	0.000014
3000000.000000	1.170400	1.170386	0.000014
3010000.000000	1.129500	1.129486	0.000014
3020000.000000	1.150300	1.150286	0.000014
3030000.000000	1.197600	1.197586	0.000014
3040000.000000	1.254700	1.254686	0.000014
3050000.000000	1.314000	1.313986	0.000014
3053000.000000	1.331600	1.331586	0.000014
3060000.000000	1.372500	1.372485	0.000015
3080000.000000	1.482500	1.482485	0.000015
3100000.000000	1.582600	1.582585	0.000015
3120000.000000	1.674400	1.674385	0.000015
3140000.000000	1.759900	1.759885	0.000015
3160000.000000	1.840400	1.840385	0.000015
3180000.000000	1.917100	1.917085	0.000015
3200000.000000	1.990400	1.990385	0.000015
3220000.000000	2.060900	2.060884	0.000016
3240000.000000	2.128500	2.128484	0.000016
3260000.000000	2.193200	2.193184	0.000016
3280000.000000	2.254900	2.254884	0.000016
3300000.000000	2.313200	2.313184	0.000016
3320000.000000	2.367800	2.367784	0.000016
3340000.000000	2.418300	2.418284	0.000016
3360000.000000	2.464400	2.464384	0.000016
3380000.000000	2.505800	2.505783	0.000017
3400000.000000	2.542000	2.541983	0.000017
3420000.000000	2.572900	2.572883	0.000017
3440000.000000	2.598400	2.598383	0.000017
3460000.000000	2.618200	2.618183	0.000017
3480000.000000	2.632400	2.632383	0.000017
3500000.000000	2.641000	2.640983	0.000017
3520000.000000	2.644200	2.644183	0.000017
3540000.000000	2.642200	2.642182	0.000018
3553000.000000	2.637700	2.637682	0.000018
3560000.000000	2.635300	2.635282	0.000018
3580000.000000	2.623800	2.623782	0.000018
3600000.000000	2.608100	2.608082	0.000018
3620000.000000	2.588500	2.588482	0.000018
3640000.000000	2.565400	2.565382	0.000018
3660000.000000	2.539300	2.539282	0.000018
3680000.000000	2.510500	2.510481	0.000019
3700000.000000	2.479500	2.479481	0.000019
3720000.000000	2.446500	2.446481	0.000019
3740000.000000	2.412000	2.411981	0.000019
3760000.000000	2.376200	2.376181	0.000019
3780000.000000	2.339400	2.339381	0.000019
3800000.000000	2.301900	2.301880	0.000020
3820000.000000	2.263900	2.263880	0.000020
3840000.000000	2.225700	2.225680	0.000020
3860000.000000	2.187400	2.187380	0.000020
3880000.000000	2.149100	2.149080	0.000020
3900000.000000	2.111200	2.111180	0.000020
3920000.000000	2.073600	2.073579	0.000021
3940000.000000	2.036700	2.036679	0.000021
3960000.000000	2.000700	2.000679	0.000021
3980000.000000	1.965700	1.965679	0.000021
4000000.000000	1.932100	1.932079	0.000021
4010000.000000	1.916000	1.915979	0.000021
4020000.000000	1.900400	1.900379	0.000021
4030000.000000	1.885500	1.885478	0.000022
4040000.000000	1.871400	1.871378	0.000022
4050000.000000	1.858100	1.858078	0.000022
4053000.000000	1.854500	1.854478	0.000022
4060000.000000	1.845900	1.845878	0.000022
4070000.000000	1.835000	1.834978	0.000022
4080000.000000	1.825500	1.825478	0.000022
4090000.000000	1.818000	1.817978	0.000022
4100000.000000	1.812600	1.812578	0.000022
4110000.000000	1.809800	1.809778	0.000022
4120000.000000	1.810300	1.810278	0.000022
4130000.000000	1.814500	1.814478	0.000022
4140000.000000	1.823300	1.823278	0.000022
4150000.000000	1.837200	1.837178	0.000022
4160000.000000	1.857200	1.857178	0.000022
4170000.000000	1.883900	1.883878	0.000022
4180000.000000	1.917500	1.917477	0.000023
4190000.000000	1.957900	1.957877	0.000023
4200000.000000	2.004300	2.004277	0.000023
4210000.000000	2.054900	2.054877	0.000023
4220000.000000	2.106600	2.106577	0.000023
4230000.000000	2.155900	2.155877	0.000023
4240000.000000	2.198800	2.198777	0.000023
4250000.000000	2.231900	2.231877	0.000023
4260000.000000	2.252800	2.252777	0.000023
4270000.000000	2.260900	2.260877	0.000023
4280000.000000	2.256800	2.256777	0.000023
4290000.000000	2.242200	2.242177	0.000023
4300000.000000	2.219500	2.219477	0.000023
4310000.000000	2.190900	2.190877	0.000023
4320000.000000	2.158500	2.158477	0.000023
4330000.000000	2.124000	2.123976	0.000024
4340000.000000	2.088600	2.088576	0.000024
4350000.000000	2.053400	2.053376	0.000024
4360000.000000	2.018900	2.018876	0.000024
4370000.000000	1.985400	1.985376	0.000024
4380000.000000	1.953300	1.953276	0.000024
4390000.000000	1.922600	1.922576	0.000024
4400000.000000	1.893300	1.893276	0.000024
4420000.000000	1.839000	1.838976	0.000024
4440000.000000	1.789900	1.789876	0.000024
4460000.000000	1.745400	1.745376	0.000024
4480000.000000	1.704900	1.704876	0.000024
4500000.000000	1.667700	1.667675	0.000025
4520000.000000	1.633300	1.633275	0.000025
4540000.000000	1.601500	1.601475	0.000025
4553000.000000	1.582200	1.582175	0.000025
4560000.000000	1.571700	1.571675	0.000025
4580000.000000	1.543800	1.543775	0.000025
4600000.000000	1.517500	1.517475	0.000025
4620000.000000	1.492500	1.492474	0.000026
4640000.000000	1.468800	1.468774	0.000026
4660000.000000	1.446200	1.446174	0.000026
4680000.000000	1.424500	1.424474	0.000026
4700000.000000	1.403600	1.403574	0.000026
4720000.000000	1.383400	1.383374	0.000026
4740000.000000	1.363900	1.363873	0.000027
4760000.000000	1.344800	1.344773	0.000027
4780000.000000	1.326200	1.326173	0.000027
4800000.000000	1.307800	1.307773	0.000027
4810000.000000	1.298600	1.298573	0.000027
4812000.000000	1.296700	1.296673	0.000027
4812089.000000	1.296600	1.296573	0.000027
4820000.000000	1.289881	1.287669	0.000027
4850000.000000	1.270500	1.260003	0.000027
4899900.000000	1.251800	1.223016	0.000028
4900000.000000	1.251799	1.222979	0.000028
4919400.000000	1.275100	1.238662	0.000028
4920000.000000	1.279500	1.242827	0.000028
4930000.000000	1.352600	1.310692	0.000028
4934500.000000	1.385200	1.341525	0.000028
4935500.000000	1.763400	1.719332	0.000028
4936700.000000	2.011600	1.967061	0.000028
4938500.000000	1.985900	1.940655	0.000028
4939500.000000	1.782800	1.737162	0.000028
4940000.000000	1.739700	1.693866	0.000028
4943200.000000	1.463900	1.417228	0.000028
4948100.000000	1.325600	1.277645	0.000028
4950000.000000	1.312400	1.263948	0.000028
4954600.000000	1.280600	1.230141	0.000028
4958400.000000	1.259300	1.207183	0.000028
4980000.000000	1.223600	1.162060	0.000029
4990000.000000	1.203400	1.141205	0.000029
5000000.000000	1.183200	1.120351	0.000029
5001000.000000	1.195400	1.132431	0.000029
5030000.000000	1.177300	1.117621	0.000029
5053000.000000	1.172500	1.115501	0.000029
5100000.000000	1.151200	1.091930	0.000030
5120000.000000	1.112500	1.048870	0.000030
5150000.000000	1.135700	1.063040	0.000030
5180000.000000	1.124700	1.043219	0.000031
5200000.000000	1.107800	1.020759	0.000031
5230000.000000	1.098200	1.004789	0.000031
5280000.000000	1.064900	0.965438	0.000032
5300000.000000	1.058100	0.957168	0.000032
5330000.000000	1.045500	0.932867	0.000033
5335000.000000	1.079600	0.963067	0.000033
5340000.000000	1.027100	0.921667	0.000033
5360000.000000	1.578300	1.458567	0.000033
5362000.000000	1.825500	1.697967	0.000033
5370000.000000	1.992300	1.864067	0.000033
5371000.000000	1.971600	1.844467	0.000033
5378000.000000	1.757700	1.630767	0.000033
5380000.000000	1.679600	1.553867	0.000033
5390000.000000	1.462700	1.337667	0.000033
5400000.000000	1.327700	1.202767	0.000033
5410000.000000	1.261100	1.133766	0.000034
5420000.000000	1.227800	1.098666	0.000034
5430000.000000	1.199000	1.069966	0.000034
5440000.000000	1.191000	1.060366	0.000034
5460000.000000	1.145700	1.016466	0.000034
5500000.000000	1.119000	0.990565	0.000035
5550000.000000	1.101200	0.972765	0.000035
5553000.000000	1.110900	0.981765	0.000035
5600000.000000	1.088800	0.958864	0.000036
5650000.000000	1.079200	0.941963	0.000037
5700000.000000	1.068200	0.920061	0.000039
5800000.000000	1.078800	0.909859	0.000041
5900000.000000	1.079700	0.885357	0.000043
6000000.000000	1.097500	0.875355	0.000045
6050000.000000	1.104100	0.872654	0.000046
6053000.000000	1.108000	0.875654	0.000046
6125000.000000	1.133200	0.890752	0.000048
6160000.000000	1.162300	0.914051	0.000049
6174000.000000	1.189400	0.938850	0.000050
6180000.000000	1.196000	0.945550	0.000050
6181200.000000	1.197900	0.947666	0.000050
6181241.000000	1.197965	0.947739	0.000050
6190000.000000	1.211900	0.963212	0.000050
6200000.000000	1.227800	0.980792	0.000050
6210000.000000	1.274500	1.023931	0.000051
6220000.000000	1.293200	1.038771	0.000051
6230000.000000	1.345100	1.085411	0.000051
6240000.000000	1.428900	1.162250	0.000051
6250000.000000	1.503200	1.237489	0.000052
6285000.000000	2.415400	2.104878	0.000053
6295000.000000	2.710700	2.382617	0.000053
6303000.000000	2.599000	2.263269	0.000053
6310000.000000	2.360400	2.011527	0.000053
6320000.000000	1.935100	1.596266	0.000054
6330000.000000	1.703100	1.368506	0.000054
6340000.000000	1.520600	1.192705	0.000054
6350000.000000	1.481900	1.146304	0.000055
6360000.000000	1.600900	1.224303	0.000055
6370000.000000	1.406400	1.066002	0.000055
6390000.000000	1.178400	0.889300	0.000056
6400000.000000	1.154900	0.872599	0.000056
6410000.000000	1.117700	0.847398	0.000056
6420000.000000	1.090000	0.825497	0.000056
6430000.000000	1.102900	0.841396	0.000057
6440000.000000	1.079600	0.827695	0.000057
6450000.000000	1.079800	0.833694	0.000057
6470000.000000	1.060200	0.828092	0.000058
6490000.000000	1.057600	0.830390	0.000058
6510000.000000	1.037300	0.804388	0.000059
6540000.000000	0.972100	0.705785	0.000060
6553000.000000	0.895670	0.631754	0.000060
6560000.000000	0.849100	0.590883	0.000060
6570000.000000	0.769460	0.530442	0.000061
6580000.000000	0.732240	0.501321	0.000061
6590000.000000	0.743230	0.505010	0.000062
6600000.000000	0.737830	0.514009	0.000062
6620000.000000	0.781860	0.576937	0.000063
6640000.000000	0.763830	0.591905	0.000063
6658000.000000	0.935850	0.736923	0.000064
6665000.000000	0.863110	0.682482	0.000064
6670000.000000	0.849040	0.670112	0.000064
6680000.000000	0.842780	0.661350	0.000065
6700000.000000	0.836570	0.655538	0.000066
6750000.000000	0.815830	0.649993	0.000067
6810000.000000	0.797910	0.645767	0.000069
6920000.000000	0.769900	0.606045	0.000073
7000000.000000	0.744980	0.573616	0.000076
7053000.000000	0.749090	0.572621	0.000078
7100000.000000	0.748810	0.569135	0.000080
7140000.000000	0.768090	0.582811	0.000082
7180000.000000	0.797630	0.602546	0.000084
7200000.000000	0.844660	0.639875	0.000085
7220000.000000	0.877610	0.667827	0.000086
7225000.000000	0.887860	0.676328	0.000086
7250000.000000	0.976720	0.746746	0.000087
7270000.000000	1.069100	0.822638	0.000088
7280000.000000	1.138700	0.884145	0.000089
7340000.000000	1.644500	1.332045	0.000091
7350000.000000	1.756200	1.429922	0.000092
7360000.000000	1.755500	1.422168	0.000092
7370000.000000	1.808600	1.463970	0.000093
7400000.000000	1.781400	1.413788	0.000094
7420000.000000	1.770800	1.397957	0.000095
7470000.000000	1.755600	1.371370	0.000097
7529000.000000	1.754000	1.378162	0.000100
7542000.000000	1.734600	1.363398	0.000101
7553000.000000	1.725300	1.355141	0.000101
7594000.000000	1.704100	1.337997	0.000102
7620000.000000	1.701000	1.326286	0.000103
7650000.000000	1.722500	1.337031	0.000103
7667000.000000	1.782400	1.390861	0.000104
7680000.000000	1.808600	1.414839	0.000104
7698000.000000	1.927400	1.525053	0.000104
7700000.000000	1.932400	1.529955	0.000104
7725000.000000	2.225300	1.798866	0.000105
7745000.000000	2.425800	1.987272	0.000105
7750000.000000	2.392700	1.954229	0.000105
7770000.000000	2.275100	1.823504	0.000106
7789000.000000	2.143200	1.683315	0.000106
7810000.000000	2.053600	1.580566	0.000107
7819000.000000	2.058900	1.582205	0.000107
7860000.000000	2.001700	1.521730	0.000108
7886400.000000	1.970600	1.492688	0.000108
7886448.000000	1.969947	1.492139	0.000108
7888000.000000	1.948803	1.474376	0.000108
7897000.000000	1.945704	1.471598	0.000109
7930000.000000	1.912902	1.431961	0.000109
7936000.000000	1.891400	1.409819	0.000109
8000000.000000	1.852800	1.350856	0.000111
8005000.000000	1.863797	1.354554	0.000111
8010000.000000	1.816404	1.305270	0.000111
8014000.000000	1.854900	1.334019	0.000111
8044000.000000	1.843003	1.297253	0.000112
8053000.000000	1.882696	1.330648	0.000112
8079000.000000	1.885104	1.322818	0.000112
8080000.000000	1.875895	1.314708	0.000112
8100000.000000	1.885904	1.317188	0.000112
8101000.000000	1.903896	1.331878	0.000112
8105000.000000	1.888402	1.318278	0.000112
8109000.000000	1.867397	1.299968	0.000112
8120000.000000	1.850102	1.281957	0.000112
8131000.000000	1.813898	1.248037	0.000113
8138000.000000	1.798498	1.233027	0.000113
8160000.000000	1.715000	1.156197	0.000113
8166000.000000	1.669799	1.115987	0.000113
8200000.000000	1.516898	0.973037	0.000113
8210000.000000	1.471102	0.949027	0.000113
8218000.000000	1.452804	0.941817	0.000113
8240000.000000	1.399996	0.920976	0.000114
8280000.000000	1.299603	0.877126	0.000114
8295800.000000	1.264096	0.860696	0.000114
8296200.000000	1.258897	0.856596	0.000114
8296218.000000	1.258878	0.856592	0.000114
8320000.000000	1.234204	0.850996	0.000114
8330000.000000	1.213396	0.837416	0.000114
8391000.000000	1.146801	0.802575	0.000115
8400000.000000	1.136996	0.797515	0.000115
8426000.000000	1.135601	0.800175	0.000115
8448000.000000	1.118499	0.785695	0.000115
8450000.000000	1.101703	0.771565	0.000115
8480000.000000	1.107097	0.776244	0.000116
8499500.000000	1.084001	0.757114	0.000116
8500000.000000	1.074900	0.749104	0.000116
8520000.000000	1.083397	0.757164	0.000116
8553000.000000	1.066404	0.739414	0.000116
8600000.000000	1.079596	0.755214	0.000116
8611000.000000	1.079401	0.756334	0.000116
8664000.000000	1.065295	0.748035	0.000115
8700000.000000	1.068202	0.745135	0.000115
8708000.000000	1.062797	0.737195	0.000115
8750000.000000	1.061495	0.718186	0.000114
8768000.000000	1.067798	0.716086	0.000114
8800000.000000	1.071998	0.706846	0.000114
8833000.000000	1.076404	0.688996	0.000114
8850000.000000	1.077201	0.677207	0.000114
8885000.000000	1.097601	0.668317	0.000113
8920000.000000	1.086401	0.638227	0.000113
8940000.000000	1.103998	0.637687	0.000113
8980000.000000	1.131003	0.632918	0.000112
9000000.000000	1.132600	0.630678	0.000112
9005000.000000	1.152999	0.644388	0.000112
9020000.000000	1.154595	0.642518	0.000112
9030000.000000	1.167803	0.650448	0.000112
9045000.000000	1.174799	0.653678	0.000112
9053000.000000	1.197701	0.669238	0.000112
9067000.000000	1.196900	0.668389	0.000111
9080000.000000	1.223601	0.685659	0.000111
9149000.000000	1.288796	0.723331	0.000109
9163000.000000	1.307405	0.736792	0.000108
9180000.000000	1.302297	0.735282	0.000108
9219000.000000	1.330699	0.731493	0.000107
9250000.000000	1.325800	0.724644	0.000106
9254000.000000	1.339401	0.733374	0.000106
9300000.000000	1.319598	0.716956	0.000104
9360000.000000	1.293004	0.699597	0.000102
9400000.000000	1.270104	0.681389	0.000101
9450000.000000	1.253002	0.671500	0.000100
9500000.000000	1.235300	0.669312	0.000098
9522000.000000	1.235001	0.669732	0.000098
9553000.000000	1.223597	0.664493	0.000097
9560000.000000	1.230098	0.669173	0.000097
9590000.000000	1.221997	0.671054	0.000096
9600000.000000	1.219300	0.671484	0.000096
9630000.000000	1.222899	0.680165	0.000095
9640000.000000	1.231502	0.687495	0.000095
9678000.000000	1.226199	0.685635	0.000095
9680000.000000	1.224004	0.684405	0.000095
9692000.000000	1.226002	0.682996	0.000094
9700000.000000	1.236200	0.685456	0.000094
9726000.000000	1.230900	0.670306	0.000094
9740000.000000	1.246002	0.676266	0.000093
9750000.000000	1.226595	0.669587	0.000093
9800000.000000	1.229400	0.684528	0.000092
9821000.000000	1.217503	0.683768	0.000092
9830000.000000	1.218799	0.686308	0.000092
9868000.000000	1.198596	0.678749	0.000091
9900000.000000	1.182200	0.671799	0.000091
9917000.000000	1.183104	0.674210	0.000090
9921000.000000	1.173103	0.667540	0.000090
10000000.000000	1.173000	0.656771	0.000089
10050000.000000	1.147597	0.643412	0.000088
10053000.000000	1.138698	0.636882	0.000088
10170000.000000	1.118304	0.642064	0.000086
10250000.000000	1.112795	0.634386	0.000084
10300000.000000	1.111602	0.628637	0.000083
10372000.000000	1.137696	0.635078	0.000081
10400000.000000	1.145696	0.643319	0.000081
10448000.000000	1.161899	0.665020	0.000080
10448060.000000	1.161932	0.665046	0.000080
10478000.000000	1.179299	0.678131	0.000079
10500000.000000	1.195700	0.690911	0.000079
10506000.000000	1.196201	0.690901	0.000079
10536000.000000	1.212098	0.701742	0.000078
10550000.000000	1.209598	0.698282	0.000078
10553000.000000	1.222404	0.708482	0.000078
10620000.000000	1.254597	0.725483	0.000077
10690000.000000	1.298496	0.750885	0.000075
10700000.000000	1.298802	0.752605	0.000075
10750000.000000	1.331400	0.786176	0.000074
10800000.000000	1.355198	0.812847	0.000073
10830000.000000	1.374505	0.832597	0.000073
10900000.000000	1.411104	0.873398	0.000072
10940000.000000	1.420196	0.887449	0.000071
11000000.000000	1.408500	0.862140	0.000070
11004000.000000	1.400504	0.856230	0.000070
11053000.000000	1.401197	0.866921	0.000069
11096000.000000	1.388897	0.863591	0.000068
11100000.000000	1.393902	0.868582	0.000068
11166000.000000	1.400201	0.885292	0.000068
11170000.000000	1.401195	0.886872	0.000068
11250000.000000	1.386695	0.875583	0.000067
11300000.000000	1.383196	0.873054	0.000066
11400000.000000	1.373398	0.872795	0.000065
11500000.000000	1.356500	0.864436	0.000064
11553000.000000	1.345005	0.851456	0.000064
11708000.000000	1.336903	0.838457	0.000063
11750000.000000	1.354803	0.853477	0.000063
11751000.000000	1.349198	0.848597	0.000063
11800000.000000	1.359198	0.857788	0.000062
11828000.000000	1.373198	0.870068	0.000062
11900000.000000	1.412699	0.904818	0.000062
11909000.000000	1.408000	0.900838	0.000062
11917000.000000	1.421696	0.912628	0.000062
12000000.000000	1.426400	0.899449	0.000061
12050000.000000	1.444598	0.909919	0.000061
12053000.000000	1.449996	0.913379	0.000061
12088000.000000	1.449095	0.910339	0.000061
12100000.000000	1.451596	0.910989	0.000061
12196000.000000	1.387202	0.871888	0.000062
12224000.000000	1.375003	0.865037	0.000063
12250000.000000	1.367500	0.861207	0.000063
12300000.000000	1.345298	0.848477	0.000063
12400000.000000	1.325004	0.839226	0.000064
12500000.000000	1.331800	0.856065	0.000065
12553000.000000	1.341400	0.864174	0.000066
12599000.000000	1.347498	0.869753	0.000067
12700000.000000	1.366498	0.887251	0.000068
12738000.000000	1.366998	0.889501	0.000069
12792000.000000	1.387604	0.906720	0.000070
12900000.000000	1.401999	0.919468	0.000072
12990000.000000	1.423501	0.943646	0.000074
13000000.000000	1.420400	0.941976	0.000074
13053000.000000	1.415604	0.936835	0.000075
13100000.000000	1.416304	0.936023	0.000077
13120000.000000	1.416405	0.935612	0.000078
13250000.000000	1.407395	0.924877	0.000083
13280000.000000	1.395001	0.914516	0.000084
13300000.000000	1.397302	0.915605	0.000085
13500000.000000	1.392800	0.905288	0.000092
13540000.000000	1.400004	0.910096	0.000094
13553000.000000	1.399497	0.909436	0.000094
13587000.000000	1.400501	0.909454	0.000096
13646000.000000	1.385997	0.895591	0.000099
13700000.000000	1.381498	0.889109	0.000101
13767000.000000	1.374002	0.880875	0.000105
13767420.000000	1.373800	0.880716	0.000105
13822000.000000	1.348688	0.860033	0.000107
13830000.000000	1.348890	0.859792	0.000108
13965000.000000	1.330599	0.841346	0.000114
14000000.000000	1.302300	0.819214	0.000116
14053000.000000	1.315401	0.824942	0.000118
14182000.000000	1.329402	0.831456	0.000124
14250000.000000	1.334300	0.837264	0.000126
14364000.000000	1.321205	0.830299	0.000131
14419000.000000	1.312201	0.824366	0.000134
14472000.000000	1.313803	0.837894	0.000136
14500000.000000	1.320098	0.843443	0.000137
14553000.000000	1.333998	0.853805	0.000139
14566000.000000	1.334500	0.854598	0.000140
14653000.000000	1.363096	0.880110	0.000144
14694000.000000	1.379299	0.894546	0.000146
14750000.000000	1.380700	0.898931	0.000149
14767000.000000	1.377504	0.897346	0.000150
14807000.000000	1.380499	0.902144	0.000152
14812000.000000	1.382499	0.903994	0.000152
14837000.000000	1.385496	0.907542	0.000153
14863000.000000	1.388800	0.911329	0.000154
14887000.000000	1.390198	0.913352	0.000156
14888000.000000	1.390197	0.913378	0.000156
14892000.000000	1.396599	0.919099	0.000156
14906000.000000	1.398599	0.921321	0.000156
14909000.000000	1.399303	0.921915	0.000157
14927000.000000	1.396505	0.919858	0.000157
14954000.000000	1.396997	0.919362	0.000159
14962000.000000	1.396801	0.918806	0.000159
14996000.000000	1.403598	0.923026	0.000161
15000000.000000	1.397500	0.917548	0.000161
15006000.000000	1.399703	0.919440	0.000161
15045000.000000	1.410304	0.928572	0.000163
15053000.000000	1.414597	0.932152	0.000164
15093000.000000	1.425404	0.941588	0.000165
15248000.000000	1.433904	0.958816	0.000171
15263000.000000	1.433895	0.958981	0.000171
15263400.000000	1.433937	0.959038	0.000171
15448000.000000	1.454397	0.985393	0.000178
15477000.000000	1.455001	0.986683	0.000179
15500000.000000	1.457103	0.988861	0.000180
15553000.000000	1.463903	0.993887	0.000182
15731000.000000	1.479698	1.006293	0.000187
15966000.000000	1.507404	1.025478	0.000194
15970000.000000	1.513701	1.031307	0.000194
15990000.000000	1.509997	1.028462	0.000195
16000000.000000	1.515600	1.033794	0.000195
16053000.000000	1.502699	1.018894	0.000197
16068000.000000	1.502004	1.016618	0.000197
16256000.000000	1.463296	0.983683	0.000201
16347000.000000	1.435399	0.955068	0.000203
16347450.000000	1.435399	0.955057	0.000203
16443000.000000	1.438195	0.952655	0.000205
16500000.000000	1.432796	0.948924	0.000206
16532000.000000	1.429004	0.946921	0.000207
16553000.000000	1.425498	0.942995	0.000207
16695000.000000	1.408497	0.919507	0.000208
16820000.000000	1.400602	0.908525	0.000208
16824000.000000	1.399402	0.907307	0.000208
16974000.000000	1.395700	0.896581	0.000209
17000000.000000	1.397203	0.896659	0.000209
17053000.000000	1.401299	0.896787	0.000209
17074000.000000	1.405903	0.899245	0.000209
17138000.000000	1.398103	0.887251	0.000208
17298000.000000	1.393102	0.870947	0.000207
17298160.000000	1.393102	0.870936	0.000207
17300000.000000	1.393102	0.870804	0.000207
17301000.000000	1.406399	0.885246	0.000207
17431000.000000	1.401498	0.875866	0.000205
17431500.000000	1.401480	0.875831	0.000205
17467000.000000	1.401094	0.873325	0.000205
17500000.000000	1.405595	0.875986	0.000204
17553000.000000	1.410699	0.880394	0.000204
17616000.000000	1.416498	0.887312	0.000203
17687000.000000	1.417596	0.889651	0.000202
17900000.000000	1.431702	0.905948	0.000199
17901000.000000	1.434502	0.908697	0.000199
18000000.000000	1.442900	0.917530	0.000197
18053000.000000	1.452702	0.929512	0.000197
18087000.000000	1.446703	0.923401	0.000196
18158000.000000	1.467903	0.935798	0.000196
18273000.000000	1.465702	0.928914	0.000196
18460000.000000	1.461603	0.922802	0.000195
18500000.000000	1.469799	0.930303	0.000195
18516000.000000	1.472899	0.933339	0.000195
18553000.000000	1.476398	0.937512	0.000195
18632000.000000	1.483797	0.946350	0.000195
18700000.000000	1.487196	0.952846	0.000195
18833000.000000	1.485100	0.956963	0.000196
19000000.000000	1.487304	0.969028	0.000197
19030000.000000	1.487761	0.971203	0.000197
19034000.000000	1.487816	0.971327	0.000197
19053000.000000	1.488131	0.973142	0.000197
19185000.000000	1.490645	0.977738	0.000199
19346000.000000	1.494275	0.980155	0.000202
19500000.000000	1.497952	0.981059	0.000205
19511000.000000	1.498217	0.981435	0.000206
19553000.000000	1.499199	0.981850	0.000206
19600000.000000	1.500278	0.979533	0.000207
19661000.000000	1.501617	0.981543	0.000208
19794000.000000	1.504229	0.985739	0.000209
19892000.000000	1.505780	0.991530	0.000210
19999990.000000	1.507000	0.980717	0.000211
20000010.000000	1.507000	1.016000	0.000211
20295470.000000	1.492649	1.002006	0.000211
21000000.000000	1.426000	0.937000	0.000210
22000000.000000	1.403000	0.917000	0.000208
23000000.000000	1.404000	0.922000	0.000206
24000000.000000	1.413000	0.937000	0.000205
24278940.000000	1.407887	0.934134	0.000204
24486860.000000	1.401034	0.928949	0.000204
25000000.000000	1.386000	0.918000	0.000203
26000000.000000	1.372657	0.912376	0.000202
27000000.000000	1.357000	0.904000	0.000200
27058670.000000	1.355763	0.903174	0.000200
27303890.000000	1.350555	0.899653	0.000199
28000000.000000	1.335718	0.889380	0.000198
28472930.000000	1.325889	0.882520	0.000198
28923360.000000	1.316688	0.876092	0.000197
29000000.000000	1.315128	0.875001	0.000197
30000000.000000	1.295000	0.861000	0.000195
31000000.000000	1.275499	0.847565	0.000193
32000000.000000	1.256795	0.834690	0.000192
32138340.000000	1.254264	0.832947	0.000192
33000000.000000	1.238726	0.822216	0.000190
34000000.000000	1.221163	0.810020	0.000189
34518380.000000	1.212235	0.803786	0.000188
35000000.000000	1.204000	0.798000	0.000187
35091960.000000	1.202429	0.796891	0.000187
36000000.000000	1.186329	0.785269	0.000185
37000000.000000	1.167711	0.771412	0.000184
38000000.000000	1.148676	0.756968	0.000182
39000000.000000	1.129657	0.742379	0.000181
40000000.000000	1.111000	0.728000	0.000179
41000000.000000	1.092845	0.714055	0.000177
42000000.000000	1.075117	0.700532	0.000176
43000000.000000	1.057788	0.687382	0.000174
44000000.000000	1.040833	0.674563	0.000172
45000000.000000	1.024233	0.662043	0.000171
46000000.000000	1.007970	0.649790	0.000169
47000000.000000	0.992027	0.637778	0.000168
48000000.000000	0.976392	0.625988	0.000166
49000000.000000	0.961053	0.614400	0.000164
50000000.000000	0.946000	0.603000	0.000163
51000000.000000	0.931238	0.591852	0.000161
52000000.000000	0.916779	0.581018	0.000160
53000000.000000	0.902626	0.570482	0.000158
54000000.000000	0.888778	0.560230	0.000156
55000000.000000	0.875234	0.550248	0.000155
56000000.000000	0.861992	0.540525	0.000153
56586610.000000	0.854365	0.534937	0.000152
57000000.000000	0.849051	0.531049	0.000151
57593700.000000	0.841509	0.525535	0.000150
58000000.000000	0.836408	0.521809	0.000150
59000000.000000	0.824059	0.512796	0.000148
60000000.000000	0.812000	0.504000	0.000147
61000000.000000	0.800209	0.495432	0.000145
62000000.000000	0.788660	0.487102	0.000143
63000000.000000	0.777343	0.479000	0.000142
64000000.000000	0.766251	0.471118	0.000140
65000000.000000	0.755376	0.463447	0.000138
66000000.000000	0.744709	0.455980	0.000137
67000000.000000	0.734245	0.448709	0.000135
68000000.000000	0.723976	0.441626	0.000134
69000000.000000	0.713896	0.434725	0.000132
70000000.000000	0.704000	0.428000	0.000130
71000000.000000	0.694180	0.421412	0.000129
72000000.000000	0.684375	0.414936	0.000127
73000000.000000	0.674642	0.408581	0.000126
74000000.000000	0.665031	0.402355	0.000124
75000000.000000	0.655585	0.396264	0.000122
76000000.000000	0.646344	0.390315	0.000121
77000000.000000	0.637339	0.384511	0.000119
78000000.000000	0.628598	0.378856	0.000117
79000000.000000	0.620145	0.373352	0.000116
80000000.000000	0.612000	0.368000	0.000114
81000000.000000	0.604081	0.362756	0.000113
82000000.000000	0.596299	0.357567	0.000111
83000000.000000	0.588666	0.352422	0.000109
84000000.000000	0.581190	0.347312	0.000108
85000000.000000	0.573877	0.342228	0.000106
86000000.000000	0.566736	0.337164	0.000105
87000000.000000	0.559772	0.332114	0.000103
88000000.000000	0.552991	0.327072	0.000101
89000000.000000	0.546398	0.322035	0.000100
90000000.000000	0.540000	0.317000	0.000098
91000000.000000	0.533783	0.311831	0.000096
92000000.000000	0.527732	0.306443	0.000095
93000000.000000	0.521847	0.300901	0.000093
94000000.000000	0.516127	0.295264	0.000092
95000000.000000	0.510571	0.289585	0.000090
96000000.000000	0.505173	0.283910	0.000088
97000000.000000	0.499928	0.278281	0.000087
98000000.000000	0.494825	0.272733	0.000085
99000000.000000	0.489854	0.267297	0.000083
100000000.000000	0.485000	0.262000	0.000082
102000000.000000	0.475852	0.251484	0.000079
104000000.000000	0.467455	0.241108	0.000075
106000000.000000	0.459539	0.231236	0.000072
108000000.000000	0.451793	0.222136	0.000069
110000000.000000	0.443880	0.214000	0.000066
112000000.000000	0.436333	0.207132	0.000062
114000000.000000	0.429541	0.201254	0.000059
116000000.000000	0.423049	0.195753	0.000056
118000000.000000	0.416505	0.190133	0.000053
120000000.000000	0.409640	0.184000	0.000050
122000000.000000	0.402642	0.177652	0.000046
124000000.000000	0.395899	0.171591	0.000043
126000000.000000	0.389498	0.165804	0.000040
128000000.000000	0.383516	0.160278	0.000037
130000000.000000	0.378020	0.155000	0.000033
132000000.000000	0.372916	0.149968	0.000030
134000000.000000	0.368051	0.145173	0.000027
136000000.000000	0.363403	0.140592	0.000024
138000000.000000	0.358952	0.136207	0.000020
140000000.000000	0.354680	0.132000	0.000017
142000000.000000	0.350553	0.127937	0.000014
144000000.000000	0.346554	0.124000	0.000011
146000000.000000	0.342687	0.120196	0.000007
148000000.000000	0.338958	0.116528	0.000004
150000000.000000	0.335370	0.113000	0.000001