# energy sigma_MT_1 sigma_MT_2 sigma_MT_102
  9.9999997473787516E-06   8.5711212158203125E+01   8.5541145324707031E+01   1.7008416354656219E-01
  1.0499999916646630E-05   8.3650955200195312E+01   8.3485008239746094E+01   1.6598501801490784E-01
  1.1000000085914508E-05   8.1733551025390625E+01   8.1571372985839844E+01   1.6216987371444702E-01
  1.1000000085914508E-05   8.1733551025390625E+01   8.1571372985839844E+01   1.6216987371444702E-01
  1.1500000255182385E-05   7.9941703796386719E+01   7.9783119201660156E+01   1.5860405564308167E-01
  1.2000000424450263E-05   7.8264472961425781E+01   7.8109230041503906E+01   1.5526659786701202E-01
  1.2999999853491317E-05   7.5204269409179688E+01   7.5055091857910156E+01   1.4917612075805664E-01
  1.4000000192027073E-05   7.2477127075195312E+01   7.2333396911621094E+01   1.4374753832817078E-01
  1.4999999621068127E-05   7.0030296325683594E+01   6.9891380310058594E+01   1.3887673616409302E-01
  1.5999999959603883E-05   6.7815315246582031E+01   6.7680854797363281E+01   1.3446685671806335E-01
  1.7000000298139639E-05   6.5798980712890625E+01   6.5668563842773438E+01   1.3045169413089752E-01
  1.8000000636675395E-05   6.3953842163085938E+01   6.3827095031738281E+01   1.2677712738513947E-01
  1.8999999156221747E-05   6.2256397247314453E+01   6.2132991790771484E+01   1.2339603900909424E-01
  1.9999999494757503E-05   6.0688179016113281E+01   6.0567905426025391E+01   1.2027222663164139E-01
  2.2000000171829015E-05   5.7879913330078125E+01   5.7765239715576172E+01   1.1467702686786652E-01
  2.4000000848900527E-05   5.5430595397949219E+01   5.5320808410644531E+01   1.0979570448398590E-01
  2.5999999706982635E-05   5.3270000457763672E+01   5.3164520263671875E+01   1.0548864305019379E-01
  2.8000000384054147E-05   5.1346176147460938E+01   5.1244544982910156E+01   1.0165259242057800E-01
  2.9000000722589903E-05   5.0459842681884766E+01   5.0359973907470703E+01   9.9884949624538422E-02
  3.0999999580672011E-05   4.8818332672119141E+01   4.8721736907958984E+01   9.6610575914382935E-02
  3.3000000257743523E-05   4.7328121185302734E+01   4.7234493255615234E+01   9.3637123703956604E-02
  3.5000000934815034E-05   4.5968315124511719E+01   4.5877384185791016E+01   9.0923219919204712E-02
  3.6999997973907739E-05   4.4720802307128906E+01   4.4632343292236328E+01   8.8432803750038147E-02
  3.8999998650979251E-05   4.3570369720458984E+01   4.3484222412109375E+01   8.6135610938072205E-02
  4.0999999328050762E-05   4.2506248474121094E+01   4.2422245025634766E+01   8.4010213613510132E-02
  4.3000000005122274E-05   4.1516780853271484E+01   4.1434749603271484E+01   8.2033328711986542E-02
  4.6000001020729542E-05   4.0156131744384766E+01   4.0076828002929688E+01   7.9314045608043671E-02
  4.9999998736893758E-05   3.8537136077880859E+01   3.8461044311523438E+01   7.6077058911323547E-02
  5.2999999752501026E-05   3.7445373535156250E+01   3.7371479034423828E+01   7.3893092572689056E-02
  5.6000000768108293E-05   3.6443241119384766E+01   3.6371349334716797E+01   7.1887724101543427E-02
  5.9000001783715561E-05   3.5518810272216797E+01   3.5448764801025391E+01   7.0037178695201874E-02
  6.2999999499879777E-05   3.4390701293945312E+01   3.4322944641113281E+01   6.7777737975120544E-02
  6.9000001531094313E-05   3.2887973785400391E+01   3.2823200225830078E+01   6.4766183495521545E-02
  7.5000003562308848E-05   3.1569787979125977E+01   3.1507677078247070E+01   6.2122292816638947E-02
  8.0999998317565769E-05   3.0402456283569336E+01   3.0342668533325195E+01   5.9779234230518341E-02
  8.8000000687316060E-05   2.9194913864135742E+01   2.9137580871582031E+01   5.7353392243385315E-02
  9.4000002718530595E-05   2.8270286560058594E+01   2.8214790344238281E+01   5.5494360625743866E-02
  9.9999997473787516E-05   2.7430540084838867E+01   2.7376741409301758E+01   5.3804624825716019E-02
  1.0599999950500205E-04   2.6663995742797852E+01   2.6611726760864258E+01   5.2260994911193848E-02
  1.1300000187475234E-04   2.5848566055297852E+01   2.5797929763793945E+01   5.0617530941963196E-02
  1.1899999663000926E-04   2.5208272933959961E+01   2.5158939361572266E+01   4.9325998872518539E-02
  1.2500000593718141E-04   2.4615081787109375E+01   2.4566963195800781E+01   4.8128541558980942E-02
  1.3150001177564263E-04   2.4019388198852539E+01   2.3972461700439453E+01   4.6925056725740433E-02
  1.3800000306218863E-04   2.3466730117797852E+01   2.3420917510986328E+01   4.5807559043169022E-02
  1.5000000712461770E-04   2.2543540954589844E+01   2.2499612808227539E+01   4.3938674032688141E-02
  1.6300000424962491E-04   2.1662265777587891E+01   2.1620115280151367E+01   4.2151730507612228E-02
  1.7499999376013875E-04   2.0938806533813477E+01   2.0898115158081055E+01   4.0682420134544373E-02
  1.8800000543706119E-04   2.0235599517822266E+01   2.0196344375610352E+01   3.9251949638128281E-02
  1.9999999494757503E-04   1.9649305343627930E+01   1.9611251831054688E+01   3.8057405501604080E-02
  2.1899999410379678E-04   1.8823106765747070E+01   1.8786729812622070E+01   3.6370705813169479E-02
  2.3799999326001853E-04   1.8099845886230469E+01   1.8064943313598633E+01   3.4890592098236084E-02
  2.5599999935366213E-04   1.7491550445556641E+01   1.7457902908325195E+01   3.3642750233411789E-02
  2.7499999850988388E-04   1.6916997909545898E+01   1.6884532928466797E+01   3.2461408525705338E-02
  2.9399999766610563E-04   1.6400091171264648E+01   1.6368705749511719E+01   3.1395994126796722E-02
  3.1299999682232738E-04   1.5932223320007324E+01   1.5901796340942383E+01   3.0429312959313393E-02
  3.3099998836405575E-04   1.5527637481689453E+01   1.5498040199279785E+01   2.9591407626867294E-02
  3.4999998752027750E-04   1.5135704994201660E+01   1.5106921195983887E+01   2.8777807950973511E-02
  3.6899998667649925E-04   1.4775379180908203E+01   1.4747354507446289E+01   2.8028059750795364E-02
  3.8799998583272099E-04   1.4442680358886719E+01   1.4415347099304199E+01   2.7334110811352730E-02
  4.2500000563450158E-04   1.3861807823181152E+01   1.3835698127746582E+01   2.6118302717804909E-02
  4.6300000394694507E-04   1.3341856002807617E+01   1.3316830635070801E+01   2.5024859234690666E-02
  5.0000002374872565E-04   1.2895639419555664E+01   1.2871551513671875E+01   2.4082075804471970E-02
  5.3100002696737647E-04   1.2559548377990723E+01   1.2536180496215820E+01   2.3368958383798599E-02
  5.6299997959285975E-04   1.2243507385253906E+01   1.2220810890197754E+01   2.2695774212479591E-02
  5.9399998281151056E-04   1.1963089942932129E+01   1.1940996170043945E+01   2.2096144035458565E-02
  6.2499998603016138E-04   1.1704660415649414E+01   1.1683117866516113E+01   2.1541405469179153E-02
  6.8800000008195639E-04   1.1237128257751465E+01   1.1216598510742188E+01   2.0532093942165375E-02
  7.5000000651925802E-04   1.0838679313659668E+01   1.0819011688232422E+01   1.9665351137518883E-02
  8.1300002057105303E-04   1.0484123229980469E+01   1.0465234756469727E+01   1.8888238817453384E-02
  8.7500002700835466E-04   1.0175564765930176E+01   1.0157361030578613E+01   1.8206866458058357E-02
  9.3799998285248876E-04   9.8958492279052734E+00   9.8782672882080078E+00   1.7584560438990593E-02
  1.0000000474974513E-03   9.6487741470336914E+00   9.6317472457885742E+00   1.7030775547027588E-02
  1.0629999451339245E-03   9.4216804504394531E+00   9.4051666259765625E+00   1.6518052667379379E-02
  1.1249999515712261E-03   9.2185201644897461E+00   9.2024621963500977E+00   1.6055980697274208E-02
  1.1869999580085278E-03   9.0329456329345703E+00   9.0173130035400391E+00   1.5630872920155525E-02
  1.2499999720603228E-03   8.8597736358642578E+00   8.8445501327514648E+00   1.5231347642838955E-02
  1.3124999823048711E-03   8.7016935348510742E+00   8.6868324279785156E+00   1.4863977208733559E-02
  1.3749999925494194E-03   8.5554885864257812E+00   8.5409669876098633E+00   1.4521786943078041E-02
  1.5000000130385160E-03   8.2937202453613281E+00   8.2798204421997070E+00   1.3902733102440834E-02
  1.6250000335276127E-03   8.0658006668090820E+00   8.0524454116821289E+00   1.3356191106140614E-02
  1.7500000540167093E-03   7.8656339645385742E+00   7.8527631759643555E+00   1.2869542464613914E-02
  1.8749999580904841E-03   7.6881756782531738E+00   7.6757450103759766E+00   1.2432242743670940E-02
  2.0000000949949026E-03   7.5296492576599121E+00   7.5176110267639160E+00   1.2036382220685482E-02
  2.1879998967051506E-03   7.3208880424499512E+00   7.3093781471252441E+00   1.1506450362503529E-02
  2.3749999236315489E-03   7.1417617797851562E+00   7.1307196617126465E+00   1.1042897589504719E-02
  2.5629999581724405E-03   6.9848742485046387E+00   6.9742455482482910E+00   1.0629096068441868E-02
  2.7499999850988388E-03   6.8476176261901855E+00   6.8373613357543945E+00   1.0260300710797310E-02
  2.9380000196397305E-03   6.7252855300903320E+00   6.7153582572937012E+00   9.9255535751581192E-03
  3.1250000465661287E-03   6.6165537834167480E+00   6.6069293022155762E+00   9.6227591857314110E-03
  3.3120000734925270E-03   6.5190176963806152E+00   6.5096707344055176E+00   9.3462802469730377E-03
  3.5000001080334187E-03   6.4304676055908203E+00   6.4213752746582031E+00   9.0909507125616074E-03
  3.6875000223517418E-03   6.3502545356750488E+00   6.3413977622985840E+00   8.8558103889226913E-03
  3.8749999366700649E-03   6.2772374153137207E+00   6.2685961723327637E+00   8.6381500586867332E-03
  4.0624998509883881E-03   6.2102994918823242E+00   6.2018699645996094E+00   8.4354802966117859E-03
  4.2500002309679985E-03   6.1490087509155273E+00   6.1407599449157715E+00   8.2467664033174515E-03
  4.4375001452863216E-03   6.0923876762390137E+00   6.0843176841735840E+00   8.0698560923337936E-03
  4.6250000596046448E-03   6.0400438308715820E+00   6.0321388244628906E+00   7.9038087278604507E-03
  4.9999998882412910E-03   5.9463734626770020E+00   5.9387698173522949E+00   7.6001132838428020E-03
  5.3130001761019230E-03   5.8778753280639648E+00   5.8705029487609863E+00   7.3719620704650879E-03
  5.6250002235174179E-03   5.8167252540588379E+00   5.8095626831054688E+00   7.1636028587818146E-03
  5.9380000457167625E-03   5.7614784240722656E+00   5.7545099258422852E+00   6.9711948744952679E-03
  6.2500000931322575E-03   5.7118282318115234E+00   5.7050309181213379E+00   6.7942836321890354E-03
  6.5625002607703209E-03   5.6665673255920410E+00   5.6599383354187012E+00   6.6297249868512154E-03
  6.8749999627470970E-03   5.6252946853637695E+00   5.6188201904296875E+00   6.4765638671815395E-03
  7.1874996647238731E-03   5.5874643325805664E+00   5.5811276435852051E+00   6.3334335573017597E-03
  7.4999998323619366E-03   5.5526890754699707E+00   5.5464873313903809E+00   6.1993533745408058E-03
  7.6562501490116119E-03   5.5362701416015625E+00   5.5301351547241211E+00   6.1352588236331940E-03
  7.8125000000000000E-03   5.5206718444824219E+00   5.5145955085754395E+00   6.0735051520168781E-03
  8.1249997019767761E-03   5.4909720420837402E+00   5.4850225448608398E+00   5.9548234567046165E-03
  8.4374994039535522E-03   5.4635319709777832E+00   5.4576888084411621E+00   5.8430260978639126E-03
  8.5937492549419403E-03   5.4505138397216797E+00   5.4447197914123535E+00   5.7893684133887291E-03
  8.7500000372529030E-03   5.4379048347473145E+00   5.4321689605712891E+00   5.7370606809854507E-03
  9.0625006705522537E-03   5.4141130447387695E+00   5.4084749221801758E+00   5.6368410587310791E-03
  9.1406255960464478E-03   5.4083151817321777E+00   5.4027061462402344E+00   5.6123849935829639E-03
  9.2187505215406418E-03   5.4027628898620605E+00   5.3971729278564453E+00   5.5885538458824158E-03
  9.2968754470348358E-03   5.3972363471984863E+00   5.3916711807250977E+00   5.5648861452937126E-03
  9.3359379097819328E-03   5.3945355415344238E+00   5.3889822959899902E+00   5.5532245896756649E-03
  9.3750003725290298E-03   5.3917884826660156E+00   5.3862462043762207E+00   5.5414922535419464E-03
  9.5312502235174179E-03   5.3812150955200195E+00   5.3757157325744629E+00   5.4956879466772079E-03
  9.5703126862645149E-03   5.3786110877990723E+00   5.3731241226196289E+00   5.4843886755406857E-03
  9.5715336501598358E-03   5.3786120414733887E+00   5.3731269836425781E+00   5.4842229001224041E-03
  9.5727536827325821E-03   5.3785500526428223E+00   5.3730645179748535E+00   5.4839071817696095E-03
  9.5733646303415298E-03   5.3784217834472656E+00   5.3729372024536133E+00   5.4835421033203602E-03
  9.5739746466279030E-03   5.3783669471740723E+00   5.3728857040405273E+00   5.4833381436765194E-03
  9.5751956105232239E-03   5.3783445358276367E+00   5.3728585243225098E+00   5.4831025190651417E-03
  9.5776366069912910E-03   5.3781771659851074E+00   5.3726963996887207E+00   5.4823951795697212E-03
  9.5800776034593582E-03   5.3779959678649902E+00   5.3725132942199707E+00   5.4816482588648796E-03
  9.5898434519767761E-03   5.3773784637451172E+00   5.3719015121459961E+00   5.4789059795439243E-03
  9.5922853797674179E-03   5.3772306442260742E+00   5.3717527389526367E+00   5.4782251827418804E-03
  9.5947263762354851E-03   5.3770713806152344E+00   5.3715958595275879E+00   5.4775290191173553E-03
  9.5996093004941940E-03   5.3767161369323730E+00   5.3712401390075684E+00   5.4760547354817390E-03
  9.6044922247529030E-03   5.3763737678527832E+00   5.3708972930908203E+00   5.4746046662330627E-03
  9.6093751490116119E-03   5.3760557174682617E+00   5.3705849647521973E+00   5.4732188582420349E-03
  9.6118170768022537E-03   5.3759407997131348E+00   5.3704662322998047E+00   5.4726167581975460E-03
  9.6142580732703209E-03   5.3758029937744141E+00   5.3703317642211914E+00   5.4719694890081882E-03
  9.6166990697383881E-03   5.3755979537963867E+00   5.3701291084289551E+00   5.4711718112230301E-03
  9.6179200336337090E-03   5.3755021095275879E+00   5.3700308799743652E+00   5.4707885719835758E-03
  9.6191409975290298E-03   5.3754043579101562E+00   5.3699378967285156E+00   5.4704053327441216E-03
  9.6203619614243507E-03   5.3753666877746582E+00   5.3698983192443848E+00   5.4701478220522404E-03
  9.6215829253196716E-03   5.3752927780151367E+00   5.3698229789733887E+00   5.4698078893125057E-03
  9.6228029578924179E-03   5.3751921653747559E+00   5.3697228431701660E+00   5.4694153368473053E-03
  9.6240239217877388E-03   5.3751230239868164E+00   5.3696556091308594E+00   5.4690935648977757E-03
  9.6252448856830597E-03   5.3750309944152832E+00   5.3695607185363770E+00   5.4687126539647579E-03
  9.6264649182558060E-03   5.3749685287475586E+00   5.3694992065429688E+00   5.4683960042893887E-03
  9.6289068460464478E-03   5.3748254776000977E+00   5.3693556785583496E+00   5.4677394218742847E-03
  9.6484376117587090E-03   5.3734827041625977E+00   5.3680210113525391E+00   5.4620271548628807E-03
  9.6508786082267761E-03   5.3733749389648438E+00   5.3679151535034180E+00   5.4614492692053318E-03
  9.6533205360174179E-03   5.3732285499572754E+00   5.3677663803100586E+00   5.4607777856290340E-03
  9.6557615324854851E-03   5.3730912208557129E+00   5.3676323890686035E+00   5.4601323790848255E-03
  9.6569824963808060E-03   5.3729767799377441E+00   5.3675165176391602E+00   5.4597062990069389E-03
  9.6582025289535522E-03   5.3729257583618164E+00   5.3674631118774414E+00   5.4594199173152447E-03
  9.6679683774709702E-03   5.3722462654113770E+00   5.3667879104614258E+00   5.4565481841564178E-03
  9.6704103052616119E-03   5.3720974922180176E+00   5.3666396141052246E+00   5.4558799602091312E-03
  9.6728513017296791E-03   5.3719010353088379E+00   5.3664412498474121E+00   5.4551037028431892E-03
  9.6777342259883881E-03   5.3716187477111816E+00   5.3661665916442871E+00   5.4538003169000149E-03
  9.6875000745058060E-03   5.3710212707519531E+00   5.3655676841735840E+00   5.4511078633368015E-03
  9.7070317715406418E-03   5.3696680068969727E+00   5.3642230033874512E+00   5.4453932680189610E-03
  9.7265625372529030E-03   5.3684811592102051E+00   5.3630418777465820E+00   5.4400400258600712E-03
  9.7363274544477463E-03   5.3678808212280273E+00   5.3624424934387207E+00   5.4373457096517086E-03
  9.7387693822383881E-03   5.3676986694335938E+00   5.3622617721557617E+00   5.4366062395274639E-03
  9.7399894148111343E-03   5.3676409721374512E+00   5.3622031211853027E+00   5.4363086819648743E-03
  9.7412103787064552E-03   5.3675293922424316E+00   5.3620953559875488E+00   5.4358979687094688E-03
  9.7436513751745224E-03   5.3673386573791504E+00   5.3619031906127930E+00   5.4351352155208588E-03
  9.7460933029651642E-03   5.3672595024108887E+00   5.3618240356445312E+00   5.4346122778952122E-03
  9.7656250000000000E-03   5.3659834861755371E+00   5.3605551719665527E+00   5.4290797561407089E-03
  9.7753908485174179E-03   5.3653264045715332E+00   5.3599028587341309E+00   5.4262815974652767E-03
  9.7802737727761269E-03   5.3650717735290527E+00   5.3596506118774414E+00   5.4250410757958889E-03
  9.7851566970348358E-03   5.3647851943969727E+00   5.3593602180480957E+00   5.4237218573689461E-03
  9.7949225455522537E-03   5.3641004562377930E+00   5.3586802482604980E+00   5.4208626970648766E-03
  9.7973635420203209E-03   5.3639559745788574E+00   5.3585362434387207E+00   5.4201995953917503E-03
  9.7998045384883881E-03   5.3638377189636230E+00   5.3584184646606445E+00   5.4196044802665710E-03
  9.8022464662790298E-03   5.3637022972106934E+00   5.3582859039306641E+00   5.4189688526093960E-03
  9.8046874627470970E-03   5.3635621070861816E+00   5.3581418991088867E+00   5.4183192551136017E-03
  9.8437499254941940E-03   5.3610892295837402E+00   5.3556814193725586E+00   5.4074614308774471E-03
  9.9999997764825821E-03   5.3514609336853027E+00   5.3460950851440430E+00   5.3648380562663078E-03
  1.0004882700741291E-02   5.3511147499084473E+00   5.3457527160644531E+00   5.3634159266948700E-03
  1.0009765625000000E-02   5.3508400917053223E+00   5.3454790115356445E+00   5.3621479310095310E-03
  1.0012207552790642E-02   5.3507127761840820E+00   5.3453526496887207E+00   5.3615379147231579E-03
  1.0013427585363388E-02   5.3506336212158203E+00   5.3452720642089844E+00   5.3611947223544121E-03
  1.0014648549258709E-02   5.3505792617797852E+00   5.3452191352844238E+00   5.3609064780175686E-03
  1.0019531473517418E-02   5.3503265380859375E+00   5.3449654579162598E+00   5.3596883080899715E-03
  1.0029297322034836E-02   5.3496704101562500E+00   5.3443160057067871E+00   5.3569213487207890E-03
  1.0031738318502903E-02   5.3494973182678223E+00   5.3441429138183594E+00   5.3562102839350700E-03
  1.0032959282398224E-02   5.3494148254394531E+00   5.3440599441528320E+00   5.3558642975986004E-03
  1.0034179314970970E-02   5.3493633270263672E+00   5.3440089225769043E+00   5.3555876947939396E-03
  1.0039062239229679E-02   5.3490743637084961E+00   5.3437194824218750E+00   5.3542843088507652E-03
  1.0078124701976776E-02   5.3467049598693848E+00   5.3413619995117188E+00   5.3437906317412853E-03
  1.0097656399011612E-02   5.3455543518066406E+00   5.3402175903320312E+00   5.3386241197586060E-03
  1.0100098326802254E-02   5.3453774452209473E+00   5.3400387763977051E+00   5.3379023447632790E-03
  1.0101318359375000E-02   5.3453416824340820E+00   5.3400044441223145E+00   5.3376592695713043E-03
  1.0102539323270321E-02   5.3453140258789062E+00   5.3399763107299805E+00   5.3374385461211205E-03
  1.0107422247529030E-02   5.3450326919555664E+00   5.3396940231323242E+00   5.3361617028713226E-03
  1.0109863243997097E-02   5.3448820114135742E+00   5.3395457267761230E+00   5.3354995325207710E-03
  1.0112304240465164E-02   5.3446588516235352E+00   5.3393278121948242E+00   5.3346864879131317E-03
  1.0117187164723873E-02   5.3444089889526367E+00   5.3390741348266602E+00   5.3334729745984077E-03
  1.0119628161191940E-02   5.3443055152893066E+00   5.3389744758605957E+00   5.3329188376665115E-03
  1.0122070088982582E-02   5.3441066741943359E+00   5.3387727737426758E+00   5.3321509622037411E-03
  1.0124511085450649E-02   5.3439617156982422E+00   5.3386325836181641E+00   5.3315092809498310E-03
  1.0126952081918716E-02   5.3438305854797363E+00   5.3385004997253418E+00   5.3308932110667229E-03
  1.0136717930436134E-02   5.3432092666625977E+00   5.3378829956054688E+00   5.3282156586647034E-03
  1.0139159858226776E-02   5.3431181907653809E+00   5.3377919197082520E+00   5.3276885300874710E-03
  1.0141600854694843E-02   5.3429398536682129E+00   5.3376169204711914E+00   5.3269714117050171E-03
  1.0144041851162910E-02   5.3428821563720703E+00   5.3375549316406250E+00   5.3265104070305824E-03
  1.0146483778953552E-02   5.3426527976989746E+00   5.3373293876647949E+00   5.3256843239068985E-03
  1.0156249627470970E-02   5.3420462608337402E+00   5.3367261886596680E+00   5.3230379708111286E-03
  1.0175781324505806E-02   5.3409781455993652E+00   5.3356604576110840E+00   5.3180698305368423E-03
  1.0185547173023224E-02   5.3403820991516113E+00   5.3350663185119629E+00   5.3154584020376205E-03
  1.0195312090218067E-02   5.3398556709289551E+00   5.3345422744750977E+00   5.3129950538277626E-03
  1.0200195014476776E-02   5.3395366668701172E+00   5.3342208862304688E+00   5.3116418421268463E-03
  1.0202636010944843E-02   5.3393211364746094E+00   5.3340101242065430E+00   5.3108464926481247E-03
  1.0205077007412910E-02   5.3392362594604492E+00   5.3339262008666992E+00   5.3103328682482243E-03
  1.0209959931671619E-02   5.3389663696289062E+00   5.3336586952209473E+00   5.3090909495949745E-03
  1.0214842855930328E-02   5.3386731147766113E+00   5.3333659172058105E+00   5.3077964112162590E-03
  1.0234374552965164E-02   5.3375682830810547E+00   5.3322668075561523E+00   5.3027709946036339E-03
  1.0236816480755806E-02   5.3373656272888184E+00   5.3320660591125488E+00   5.3020012564957142E-03
  1.0239257477223873E-02   5.3372244834899902E+00   5.3319234848022461E+00   5.3013605065643787E-03
  1.0244140401482582E-02   5.3369531631469727E+00   5.3316550254821777E+00   5.3001162596046925E-03
  1.0249023325741291E-02   5.3366694450378418E+00   5.3313698768615723E+00   5.2988468669354916E-03
  1.0250244289636612E-02   5.3365855216979980E+00   5.3312878608703613E+00   5.2984971553087234E-03
  1.0251464322209358E-02   5.3365516662597656E+00   5.3312530517578125E+00   5.2982601337134838E-03
  1.0253906250000000E-02   5.3363933563232422E+00   5.3310990333557129E+00   5.2975951693952084E-03
  1.0273437015712261E-02   5.3352742195129395E+00   5.3299803733825684E+00   5.2925390191376209E-03
  1.0312499478459358E-02   5.3330106735229492E+00   5.3277287483215332E+00   5.2824020385742188E-03
  1.0468749329447746E-02   5.3242192268371582E+00   5.3189783096313477E+00   5.2426373586058617E-03
  1.0546874254941940E-02   5.3199372291564941E+00   5.3147177696228027E+00   5.2231298759579659E-03
  1.0549316182732582E-02   5.3198637962341309E+00   5.3146400451660156E+00   5.2226455882191658E-03
  1.0551757179200649E-02   5.3196554183959961E+00   5.3144340515136719E+00   5.2218749187886715E-03
  1.0556640103459358E-02   5.3193988800048828E+00   5.3141798973083496E+00   5.2206874825060368E-03
  1.0566405951976776E-02   5.3189043998718262E+00   5.3136854171752930E+00   5.2183377556502819E-03
  1.0585937649011612E-02   5.3178644180297852E+00   5.3126521110534668E+00   5.2135470323264599E-03
  1.0588379576802254E-02   5.3177289962768555E+00   5.3125162124633789E+00   5.2129388786852360E-03
  1.0590820573270321E-02   5.3175659179687500E+00   5.3123502731323242E+00   5.2122608758509159E-03
  1.0595703497529030E-02   5.3172893524169922E+00   5.3120808601379395E+00   5.2110319957137108E-03
  1.0598145425319672E-02   5.3171434402465820E+00   5.3119339942932129E+00   5.2103991620242596E-03
  1.0600586421787739E-02   5.3170194625854492E+00   5.3118071556091309E+00   5.2098110318183899E-03
  1.0605469346046448E-02   5.3167791366577148E+00   5.3115682601928711E+00   5.2086529321968555E-03
  1.0625000111758709E-02   5.3157544136047363E+00   5.3105502128601074E+00   5.2039050497114658E-03
  1.0703125968575478E-02   5.3115410804748535E+00   5.3063559532165527E+00   5.1847058348357677E-03
  1.0742188431322575E-02   5.3094592094421387E+00   5.3042874336242676E+00   5.1751891151070595E-03
  1.0747071355581284E-02   5.3092079162597656E+00   5.3040328025817871E+00   5.1740142516791821E-03
  1.0751953348517418E-02   5.3089570999145508E+00   5.3037858009338379E+00   5.1728449761867523E-03
  1.0754395276308060E-02   5.3088321685791016E+00   5.3036599159240723E+00   5.1722666248679161E-03
  1.0756836272776127E-02   5.3087358474731445E+00   5.3035645484924316E+00   5.1717446185648441E-03
  1.0761719197034836E-02   5.3085041046142578E+00   5.3033328056335449E+00   5.1706219092011452E-03
  1.0766602121293545E-02   5.3082280158996582E+00   5.3030605316162109E+00   5.1693986169993877E-03
  1.0771485045552254E-02   5.3079400062561035E+00   5.3027729988098145E+00   5.1681543700397015E-03
  1.0773926973342896E-02   5.3078174591064453E+00   5.3026518821716309E+00   5.1675764843821526E-03
  1.0776367969810963E-02   5.3076510429382324E+00   5.3024845123291016E+00   5.1669017411768436E-03
  1.0778808966279030E-02   5.3075294494628906E+00   5.3023643493652344E+00   5.1663289777934551E-03
  1.0781250894069672E-02   5.3074035644531250E+00   5.3022375106811523E+00   5.1657422445714474E-03
  1.0800782591104507E-02   5.3064069747924805E+00   5.3012480735778809E+00   5.1611005328595638E-03
  1.0820313356816769E-02   5.3053884506225586E+00   5.3002338409423828E+00   5.1564108580350876E-03
  1.0839844122529030E-02   5.3044209480285645E+00   5.2992687225341797E+00   5.1518371328711510E-03
  1.0859375819563866E-02   5.3033471107482910E+00   5.2982010841369629E+00   5.1470361649990082E-03
  1.0878907516598701E-02   5.3023295402526855E+00   5.2971863746643066E+00   5.1423585973680019E-03
  1.0888673365116119E-02   5.3018517494201660E+00   5.2967104911804199E+00   5.1400945521891117E-03
  1.0893555358052254E-02   5.3016152381896973E+00   5.2964801788330078E+00   5.1389727741479874E-03
  1.0898438282310963E-02   5.3013839721679688E+00   5.2962446212768555E+00   5.1378519274294376E-03
  1.0900879278779030E-02   5.3011960983276367E+00   5.2960605621337891E+00   5.1371408626437187E-03
  1.0903321206569672E-02   5.3011064529418945E+00   5.2959685325622559E+00   5.1366332918405533E-03
  1.0908203199505806E-02   5.3009076118469238E+00   5.2957730293273926E+00   5.1355916075408459E-03
  1.0910645127296448E-02   5.3007364273071289E+00   5.2956008911132812E+00   5.1349182613193989E-03
  1.0913086123764515E-02   5.3006048202514648E+00   5.2954688072204590E+00   5.1343236118555069E-03
  1.0917969048023224E-02   5.3003735542297363E+00   5.2952408790588379E+00   5.1332032307982445E-03
  1.0927734896540642E-02   5.2998533248901367E+00   5.2947258949279785E+00   5.1308576948940754E-03
  1.0930176824331284E-02   5.2997775077819824E+00   5.2946481704711914E+00   5.1303845830261707E-03
  1.0932617820799351E-02   5.2996420860290527E+00   5.2945137023925781E+00   5.1297838799655437E-03
  1.0935058817267418E-02   5.2995004653930664E+00   5.2943701744079590E+00   5.1291673444211483E-03
  1.0937500745058060E-02   5.2993669509887695E+00   5.2942352294921875E+00   5.1285726949572563E-03
  1.0942383669316769E-02   5.2991218566894531E+00   5.2939934730529785E+00   5.1274318248033524E-03
  1.0947266593575478E-02   5.2988557815551758E+00   5.2937297821044922E+00   5.1262401975691319E-03
  1.0952149517834187E-02   5.2986645698547363E+00   5.2935433387756348E+00   5.1252217963337898E-03
  1.0957032442092896E-02   5.2983980178833008E+00   5.2932739257812500E+00   5.1240255124866962E-03
  1.0966798290610313E-02   5.2978839874267578E+00   5.2927613258361816E+00   5.1216897554695606E-03
  1.0971680283546448E-02   5.2976188659667969E+00   5.2924985885620117E+00   5.1205032505095005E-03
  1.0976563207805157E-02   5.2973880767822266E+00   5.2922706604003906E+00   5.1193968392908573E-03
  1.0981446132063866E-02   5.2971353530883789E+00   5.2920165061950684E+00   5.1182345487177372E-03
  1.0986328125000000E-02   5.2969083786010742E+00   5.2917919158935547E+00   5.1171332597732544E-03
  1.0996093973517418E-02   5.2964062690734863E+00   5.2912926673889160E+00   5.1148310303688049E-03
  1.1015625670552254E-02   5.2954354286193848E+00   5.2903251647949219E+00   5.1102875731885433E-03
  1.1035157367587090E-02   5.2944154739379883E+00   5.2893114089965820E+00   5.1056500524282455E-03
  1.1040040291845798E-02   5.2941994667053223E+00   5.2890934944152832E+00   5.1045776344835758E-03
  1.1044923216104507E-02   5.2939591407775879E+00   5.2888545989990234E+00   5.1034516654908657E-03
  1.1054688133299351E-02   5.2935304641723633E+00   5.2884278297424316E+00   5.1013096235692501E-03
  1.1093750596046448E-02   5.2915248870849609E+00   5.2864332199096680E+00   5.0921277143061161E-03
  1.1098633520305157E-02   5.2913312911987305E+00   5.2862401008605957E+00   5.0911069847643375E-03
  1.1099854484200478E-02   5.2912416458129883E+00   5.2861509323120117E+00   5.0907647237181664E-03
  1.1101074516773224E-02   5.2912006378173828E+00   5.2861108779907227E+00   5.0905216485261917E-03
  1.1103516444563866E-02   5.2910523414611816E+00   5.2859621047973633E+00   5.0898976624011993E-03
  1.1108399368822575E-02   5.2908325195312500E+00   5.2857451438903809E+00   5.0888224504888058E-03
  1.1113282293081284E-02   5.2905955314636230E+00   5.2855076789855957E+00   5.0877090543508530E-03
  1.1118165217339993E-02   5.2903237342834473E+00   5.2852377891540527E+00   5.0865174271166325E-03
  1.1123048141598701E-02   5.2901010513305664E+00   5.2850146293640137E+00   5.0854268483817577E-03
  1.1132813058793545E-02   5.2896652221679688E+00   5.2845811843872070E+00   5.0832806155085564E-03
  1.1142577975988388E-02   5.2891392707824707E+00   5.2840609550476074E+00   5.0809448584914207E-03
  1.1152343824505806E-02   5.2886967658996582E+00   5.2836184501647949E+00   5.0787837244570255E-03
  1.1162109673023224E-02   5.2881937026977539E+00   5.2831177711486816E+00   5.0764991901814938E-03
  1.1171875521540642E-02   5.2877149581909180E+00   5.2826423645019531E+00   5.0742649473249912E-03
  1.1174317449331284E-02   5.2875680923461914E+00   5.2824945449829102E+00   5.0736409611999989E-03
  1.1176758445799351E-02   5.2874708175659180E+00   5.2823977470397949E+00   5.0731338560581207E-03
  1.1181641370058060E-02   5.2872033119201660E+00   5.2821288108825684E+00   5.0719506107270718E-03
  1.1191407218575478E-02   5.2867307662963867E+00   5.2816610336303711E+00   5.0697387196123600E-03
  1.1210937984287739E-02   5.2858386039733887E+00   5.2807722091674805E+00   5.0654150545597076E-03
  1.1213378980755806E-02   5.2856888771057129E+00   5.2806258201599121E+00   5.0647906027734280E-03
  1.1215820908546448E-02   5.2855553627014160E+00   5.2804894447326660E+00   5.0642029382288456E-03
  1.1220702901482582E-02   5.2853770256042480E+00   5.2803125381469727E+00   5.0632227212190628E-03
  1.1225585825741291E-02   5.2850875854492188E+00   5.2800230979919434E+00   5.0619994290173054E-03
  1.1230468750000000E-02   5.2848291397094727E+00   5.2797679901123047E+00   5.0608497112989426E-03
  1.1232910677790642E-02   5.2847704887390137E+00   5.2797079086303711E+00   5.0604189746081829E-03
  1.1235351674258709E-02   5.2846016883850098E+00   5.2795429229736328E+00   5.0597586669027805E-03
  1.1240234598517418E-02   5.2843937873840332E+00   5.2793354988098145E+00   5.0587146542966366E-03
  1.1250000447034836E-02   5.2839751243591309E+00   5.2789206504821777E+00   5.0566182471811771E-03
  1.1289062909781933E-02   5.2821054458618164E+00   5.2770624160766602E+00   5.0478274933993816E-03
  1.1298827826976776E-02   5.2815904617309570E+00   5.2765469551086426E+00   5.0455257296562195E-03
  1.1303710751235485E-02   5.2813487052917480E+00   5.2763047218322754E+00   5.0444072112441063E-03
  1.1308593675494194E-02   5.2811074256896973E+00   5.2760648727416992E+00   5.0432975403964520E-03
  1.1318359524011612E-02   5.2806358337402344E+00   5.2755956649780273E+00   5.0410949625074863E-03
  1.1328125372529030E-02   5.2802104949951172E+00   5.2751717567443848E+00   5.0389920361340046E-03
  1.1337891221046448E-02   5.2797260284423828E+00   5.2746906280517578E+00   5.0367666408419609E-03
  1.1340333148837090E-02   5.2796096801757812E+00   5.2745747566223145E+00   5.0362176261842251E-03
  1.1342774145305157E-02   5.2795524597167969E+00   5.2745170593261719E+00   5.0357966683804989E-03
  1.1347657069563866E-02   5.2792611122131348E+00   5.2742276191711426E+00   5.0345836207270622E-03
  1.1357422918081284E-02   5.2787976264953613E+00   5.2737627029418945E+00   5.0323959439992905E-03
  1.1367187835276127E-02   5.2783637046813965E+00   5.2733321189880371E+00   5.0302837044000626E-03
  1.1406250298023224E-02   5.2765150070190430E+00   5.2714924812316895E+00   5.0215832889080048E-03
  1.1445312760770321E-02   5.2747058868408203E+00   5.2696914672851562E+00   5.0129960291087627E-03
  1.1455077677965164E-02   5.2742204666137695E+00   5.2692065238952637E+00   5.0107743591070175E-03
  1.1464843526482582E-02   5.2738013267517090E+00   5.2687888145446777E+00   5.0087030977010727E-03
  1.1474609375000000E-02   5.2733459472656250E+00   5.2683396339416504E+00   5.0065563991665840E-03
  1.1484375223517418E-02   5.2729234695434570E+00   5.2679181098937988E+00   5.0044734962284565E-03
  1.1494141072034836E-02   5.2724061012268066E+00   5.2674045562744141E+00   5.0021917559206486E-03
  1.1503906920552254E-02   5.2719964981079102E+00   5.2669963836669922E+00   5.0001512281596661E-03
  1.1513672769069672E-02   5.2715544700622559E+00   5.2665581703186035E+00   4.9980347976088524E-03
  1.1518554762005806E-02   5.2713317871093750E+00   5.2663335800170898E+00   4.9969721585512161E-03
  1.1523437686264515E-02   5.2711319923400879E+00   5.2661371231079102E+00   4.9959630705416203E-03
  1.1562500149011612E-02   5.2693405151367188E+00   5.2643537521362305E+00   4.9874586984515190E-03
  1.1572265997529030E-02   5.2688374519348145E+00   5.2638521194458008E+00   4.9852142110466957E-03
  1.1582031846046448E-02   5.2684426307678223E+00   5.2634582519531250E+00   4.9832109361886978E-03
  1.1601562611758709E-02   5.2675399780273438E+00   5.2625603675842285E+00   4.9789543263614178E-03
  1.1611327528953552E-02   5.2671003341674805E+00   5.2621202468872070E+00   4.9768513999879360E-03
  1.1621093377470970E-02   5.2666883468627930E+00   5.2617101669311523E+00   4.9748122692108154E-03
  1.1623535305261612E-02   5.2665085792541504E+00   5.2615327835083008E+00   4.9741375260055065E-03
  1.1624755337834358E-02   5.2664918899536133E+00   5.2615160942077637E+00   4.9739587120711803E-03
  1.1625976301729679E-02   5.2664661407470703E+00   5.2614903450012207E+00   4.9737598747014999E-03
  1.1628417298197746E-02   5.2663345336914062E+00   5.2613620758056641E+00   4.9731894396245480E-03
  1.1630859225988388E-02   5.2662229537963867E+00   5.2612504959106445E+00   4.9726590514183044E-03
  1.1640625074505806E-02   5.2657952308654785E+00   5.2608265876770020E+00   4.9705924466252327E-03
  1.1645507998764515E-02   5.2655715942382812E+00   5.2606015205383301E+00   4.9695312045514584E-03
  1.1650390923023224E-02   5.2653522491455078E+00   5.2603864669799805E+00   4.9684899859130383E-03
  1.1660156771540642E-02   5.2648959159851074E+00   5.2599291801452637E+00   4.9663572572171688E-03
  1.1665039695799351E-02   5.2647008895874023E+00   5.2597346305847168E+00   4.9653644673526287E-03
  1.1669922620058060E-02   5.2644863128662109E+00   5.2595210075378418E+00   4.9643237143754959E-03
  1.1679687537252903E-02   5.2640438079833984E+00   5.2590813636779785E+00   4.9622282385826111E-03
  1.1689452454447746E-02   5.2636170387268066E+00   5.2586565017700195E+00   4.9601662904024124E-03
  1.1699218302965164E-02   5.2631421089172363E+00   5.2581834793090820E+00   4.9579949118196964E-03
  1.1708984151482582E-02   5.2627382278442383E+00   5.2577805519104004E+00   4.9559804610908031E-03
  1.1713867075741291E-02   5.2625417709350586E+00   5.2575860023498535E+00   4.9549918621778488E-03
  1.1718750000000000E-02   5.2622694969177246E+00   5.2573180198669434E+00   4.9538305029273033E-03
  1.1757812462747097E-02   5.2605767250061035E+00   5.2556338310241699E+00   4.9456283450126648E-03
  1.1767577379941940E-02   5.2601065635681152E+00   5.2551636695861816E+00   4.9434793181717396E-03
  1.1777343228459358E-02   5.2597126960754395E+00   5.2547736167907715E+00   4.9414969980716705E-03
  1.1796874925494194E-02   5.2588677406311035E+00   5.2539334297180176E+00   4.9374080263078213E-03
  1.1874999850988388E-02   5.2554745674133301E+00   5.2505550384521484E+00   4.9210716970264912E-03
  1.1884765699505806E-02   5.2550587654113770E+00   5.2501382827758789E+00   4.9190507270395756E-03
  1.1894531548023224E-02   5.2546024322509766E+00   5.2496848106384277E+00   4.9169436097145081E-03
  1.1904297396540642E-02   5.2542371749877930E+00   5.2493238449096680E+00   4.9150381237268448E-03
  1.1914062313735485E-02   5.2537341117858887E+00   5.2488226890563965E+00   4.9128276295959949E-03
  1.1923827230930328E-02   5.2533688545227051E+00   5.2484555244445801E+00   4.9109198153018951E-03
  1.1933593079447746E-02   5.2529540061950684E+00   5.2480411529541016E+00   4.9089090898633003E-03
  1.1953124776482582E-02   5.2520756721496582E+00   5.2471694946289062E+00   4.9047800712287426E-03
  1.1962890625000000E-02   5.2516493797302246E+00   5.2467470169067383E+00   4.9027530476450920E-03
  1.1972656473517418E-02   5.2513132095336914E+00   5.2464122772216797E+00   4.9009118229150772E-03
  1.1977539397776127E-02   5.2511129379272461E+00   5.2462134361267090E+00   4.8999292775988579E-03
  1.1982422322034836E-02   5.2509160041809082E+00   5.2460179328918457E+00   4.8989462666213512E-03
  1.1987304314970970E-02   5.2506618499755859E+00   5.2457671165466309E+00   4.8978440463542938E-03
  1.1992187239229679E-02   5.2504115104675293E+00   5.2455143928527832E+00   4.8967441543936729E-03
  1.2001952156424522E-02   5.2500395774841309E+00   5.2451429367065430E+00   4.8948293551802635E-03
  1.2011718004941940E-02   5.2496323585510254E+00   5.2447395324707031E+00   4.8928395844995975E-03
  1.2014159932732582E-02   5.2495388984680176E+00   5.2446484565734863E+00   4.8923664726316929E-03
  1.2016600929200649E-02   5.2494297027587891E+00   5.2445392608642578E+00   4.8918561078608036E-03
  1.2021483853459358E-02   5.2492671012878418E+00   5.2443757057189941E+00   4.8909448087215424E-03
  1.2026366777718067E-02   5.2490291595458984E+00   5.2441382408142090E+00   4.8898779787123203E-03
  1.2031249701976776E-02   5.2487888336181641E+00   5.2439036369323730E+00   4.8888102173805237E-03
  1.2050781399011612E-02   5.2479953765869141E+00   5.2431111335754395E+00   4.8848870210349560E-03
  1.2070312164723873E-02   5.2471532821655273E+00   5.2422719001770020E+00   4.8808599822223186E-03
  1.2109374627470970E-02   5.2455029487609863E+00   5.2406306266784668E+00   4.8728948459029198E-03
  1.2114257551729679E-02   5.2453212738037109E+00   5.2404513359069824E+00   4.8719635233283043E-03
  1.2119140475988388E-02   5.2451200485229492E+00   5.2402496337890625E+00   4.8709698021411896E-03
  1.2128906324505806E-02   5.2447400093078613E+00   5.2398710250854492E+00   4.8690559342503548E-03
  1.2138672173023224E-02   5.2443757057189941E+00   5.2395100593566895E+00   4.8671723343431950E-03
  1.2148437090218067E-02   5.2439332008361816E+00   5.2390689849853516E+00   4.8651271499693394E-03
  1.2167967855930328E-02   5.2431335449218750E+00   5.2382721900939941E+00   4.8612132668495178E-03
  1.2177733704447746E-02   5.2427325248718262E+00   5.2378735542297363E+00   4.8592537641525269E-03
  1.2187499552965164E-02   5.2423138618469238E+00   5.2374558448791504E+00   4.8572556115686893E-03
  1.2207031250000000E-02   5.2415270805358887E+00   5.2366709709167480E+00   4.8533799126744270E-03
  1.2216797098517418E-02   5.2411050796508789E+00   5.2362542152404785E+00   4.8513840883970261E-03
  1.2221679091453552E-02   5.2409172058105469E+00   5.2360677719116211E+00   4.8504341393709183E-03
  1.2226562015712261E-02   5.2406845092773438E+00   5.2358345985412598E+00   4.8493868671357632E-03
  1.2236326932907104E-02   5.2403407096862793E+00   5.2354931831359863E+00   4.8475633375346661E-03
  1.2241209857165813E-02   5.2401347160339355E+00   5.2352876663208008E+00   4.8465710133314133E-03
  1.2246092781424522E-02   5.2399706840515137E+00   5.2351231575012207E+00   4.8456755466759205E-03
  1.2265624478459358E-02   5.2390861511230469E+00   5.2342438697814941E+00   4.8415996134281158E-03
  1.2285156175494194E-02   5.2383728027343750E+00   5.2335348129272461E+00   4.8378976061940193E-03
  1.2304686941206455E-02   5.2375421524047852E+00   5.2327070236206055E+00   4.8339464701712132E-03
  1.2324217706918716E-02   5.2367367744445801E+00   5.2319059371948242E+00   4.8300484195351601E-03
  1.2343749403953552E-02   5.2360043525695801E+00   5.2311787605285645E+00   4.8263166099786758E-03
  1.2353515252470970E-02   5.2355952262878418E+00   5.2307696342468262E+00   4.8243608325719833E-03
  1.2363281100988388E-02   5.2351865768432617E+00   5.2303652763366699E+00   4.8224073834717274E-03
  1.2373046949505806E-02   5.2348275184631348E+00   5.2300038337707520E+00   4.8205526545643806E-03
  1.2377928942441940E-02   5.2346253395080566E+00   5.2298069000244141E+00   4.8195892013609409E-03
  1.2382811866700649E-02   5.2344355583190918E+00   5.2296180725097656E+00   4.8186480998992920E-03
  1.2392576783895493E-02   5.2340507507324219E+00   5.2292342185974121E+00   4.8167398199439049E-03
  1.2402342632412910E-02   5.2336406707763672E+00   5.2288269996643066E+00   4.8147868365049362E-03
  1.2407225556671619E-02   5.2334632873535156E+00   5.2286529541015625E+00   4.8138718120753765E-03
  1.2412108480930328E-02   5.2332863807678223E+00   5.2284731864929199E+00   4.8129525966942310E-03
  1.2416991405189037E-02   5.2331161499023438E+00   5.2283039093017578E+00   4.8120515421032906E-03
  1.2421874329447746E-02   5.2328815460205078E+00   5.2280702590942383E+00   4.8110075294971466E-03
  1.2441406026482582E-02   5.2321100234985352E+00   5.2273001670837402E+00   4.8072054050862789E-03
  1.2460937723517418E-02   5.2313494682312012E+00   5.2265453338623047E+00   4.8034456558525562E-03
  1.2465820647776127E-02   5.2311086654663086E+00   5.2263064384460449E+00   4.8023895360529423E-03
  1.2470703572034836E-02   5.2308969497680664E+00   5.2260990142822266E+00   4.8014046624302864E-03
  1.2480469420552254E-02   5.2305812835693359E+00   5.2257828712463379E+00   4.7996584326028824E-03
  1.2490235269069672E-02   5.2302389144897461E+00   5.2254409790039062E+00   4.7978553920984268E-03
  1.2500000186264515E-02   5.2298560142517090E+00   5.2250590324401855E+00   4.7959717921912670E-03
  1.2539062649011612E-02   5.2283058166503906E+00   5.2235202789306641E+00   4.7884006053209305E-03
  1.2558594346046448E-02   5.2275581359863281E+00   5.2227745056152344E+00   4.7846771776676178E-03
  1.2568360194563866E-02   5.2272052764892578E+00   5.2224211692810059E+00   4.7828569076955318E-03
  1.2578126043081284E-02   5.2268075942993164E+00   5.2220253944396973E+00   4.7809425741434097E-03
  1.2587891891598701E-02   5.2263793945312500E+00   5.2216019630432129E+00   4.7789718955755234E-03
  1.2592774815857410E-02   5.2261710166931152E+00   5.2213916778564453E+00   4.7779944725334644E-03
  1.2597657740116119E-02   5.2260427474975586E+00   5.2212662696838379E+00   4.7771926037967205E-03
  1.2602540664374828E-02   5.2258806228637695E+00   5.2211036682128906E+00   4.7763171605765820E-03
  1.2607423588633537E-02   5.2256965637207031E+00   5.2209239006042480E+00   4.7753932885825634E-03
  1.2612305581569672E-02   5.2254991531372070E+00   5.2207217216491699E+00   4.7744424082338810E-03
  1.2617188505828381E-02   5.2253413200378418E+00   5.2205672264099121E+00   4.7735786065459251E-03
  1.2626953423023224E-02   5.2249054908752441E+00   5.2201352119445801E+00   4.7715967521071434E-03
  1.2636719271540642E-02   5.2245173454284668E+00   5.2197470664978027E+00   4.7697024419903755E-03
  1.2656250968575478E-02   5.2238440513610840E+00   5.2190766334533691E+00   4.7661610879004002E-03
  1.2675782665610313E-02   5.2230386734008789E+00   5.2182769775390625E+00   4.7623366117477417E-03
  1.2695313431322575E-02   5.2223286628723145E+00   5.2175688743591309E+00   4.7587174922227859E-03
  1.2705078348517418E-02   5.2219495773315430E+00   5.2171888351440430E+00   4.7568567097187042E-03
  1.2714844197034836E-02   5.2215981483459473E+00   5.2168402671813965E+00   4.7550597228109837E-03
  1.2734375894069672E-02   5.2208580970764160E+00   5.2161078453063965E+00   4.7513945028185844E-03
  1.2773438356816769E-02   5.2193937301635742E+00   5.2146506309509277E+00   4.7440822236239910E-03
  1.2783203274011612E-02   5.2189931869506836E+00   5.2142500877380371E+00   4.7421846538782120E-03
  1.2792969122529030E-02   5.2186341285705566E+00   5.2138905525207520E+00   4.7403723001480103E-03
  1.2812500819563866E-02   5.2179231643676758E+00   5.2131848335266113E+00   4.7367769293487072E-03
  1.2851563282310963E-02   5.2164659500122070E+00   5.2117352485656738E+00   4.7295209951698780E-03
  1.2871094048023224E-02   5.2157816886901855E+00   5.2110557556152344E+00   4.7259917482733727E-03
  1.2880859896540642E-02   5.2154450416564941E+00   5.2107186317443848E+00   4.7242422588169575E-03
  1.2890625745058060E-02   5.2150583267211914E+00   5.2103371620178223E+00   4.7223805449903011E-03
  1.2929688207805157E-02   5.2136626243591309E+00   5.2089471817016602E+00   4.7152875922620296E-03
  1.2949218973517418E-02   5.2128729820251465E+00   5.2081608772277832E+00   4.7115394845604897E-03
  1.2958984822034836E-02   5.2125606536865234E+00   5.2078528404235840E+00   4.7098523937165737E-03
  1.2968750670552254E-02   5.2122087478637695E+00   5.2074995040893555E+00   4.7080712392926216E-03
  1.3046875596046448E-02   5.2093853950500488E+00   5.2046880722045898E+00   4.6938746236264706E-03
  1.3066407293081284E-02   5.2086658477783203E+00   5.2039747238159180E+00   4.6903048641979694E-03
  1.3076173141598701E-02   5.2083277702331543E+00   5.2036409378051758E+00   4.6885767951607704E-03
  1.3085938058793545E-02   5.2079820632934570E+00   5.2032961845397949E+00   4.6868184581398964E-03
  1.3090820983052254E-02   5.2078294754028320E+00   5.2031445503234863E+00   4.6859858557581902E-03
  1.3095702975988388E-02   5.2076592445373535E+00   5.2029733657836914E+00   4.6851164661347866E-03
  1.3105468824505806E-02   5.2072677612304688E+00   5.2025856971740723E+00   4.6832663938403130E-03
  1.3110351748764515E-02   5.2071208953857422E+00   5.2024388313293457E+00   4.6824510209262371E-03
  1.3115234673023224E-02   5.2069587707519531E+00   5.2022776603698730E+00   4.6815993264317513E-03
  1.3125000521540642E-02   5.2065701484680176E+00   5.2018909454345703E+00   4.6797539107501507E-03
  1.3144532218575478E-02   5.2059130668640137E+00   5.2012348175048828E+00   4.6763299033045769E-03
  1.3164062984287739E-02   5.2052197456359863E+00   5.2005453109741211E+00   4.6728355810046196E-03
  1.3203125447034836E-02   5.2038469314575195E+00   5.1991810798645020E+00   4.6658897772431374E-03
  1.3222657144069672E-02   5.2031817436218262E+00   5.1985173225402832E+00   4.6624597162008286E-03
  1.3242187909781933E-02   5.2024888992309570E+00   5.1978292465209961E+00   4.6589775010943413E-03
  1.3251952826976776E-02   5.2021517753601074E+00   5.1974906921386719E+00   4.6572564169764519E-03
  1.3256835751235485E-02   5.2020072937011719E+00   5.1973466873168945E+00   4.6564536169171333E-03
  1.3261718675494194E-02   5.2018179893493652E+00   5.1971607208251953E+00   4.6555455774068832E-03
  1.3281250372529030E-02   5.2011189460754395E+00   5.1964702606201172E+00   4.6520647592842579E-03
  1.3286133296787739E-02   5.2009248733520508E+00   5.1962728500366211E+00   4.6511483378708363E-03
  1.3288574293255806E-02   5.2008504867553711E+00   5.1961975097656250E+00   4.6507371589541435E-03
  1.3291016221046448E-02   5.2008056640625000E+00   5.1961574554443359E+00   4.6504056081175804E-03
  1.3295899145305157E-02   5.2006368637084961E+00   5.1959886550903320E+00   4.6495413407683372E-03
  1.3300782069563866E-02   5.2004747390747070E+00   5.1958255767822266E+00   4.6486961655318737E-03
  1.3320312835276127E-02   5.1998257637023926E+00   5.1951823234558105E+00   4.6453266404569149E-03
  1.3359375298023224E-02   5.1984896659851074E+00   5.1938509941101074E+00   4.6385070309042931E-03
  1.3398437760770321E-02   5.1971397399902344E+00   5.1925067901611328E+00   4.6316632069647312E-03
  1.3437500223517418E-02   5.1958127021789551E+00   5.1911849975585938E+00   4.6248966827988625E-03
  1.3457031920552254E-02   5.1951441764831543E+00   5.1905226707458496E+00   4.6215057373046875E-03
  1.3476562686264515E-02   5.1945056915283203E+00   5.1898870468139648E+00   4.6181809157133102E-03
  1.3496093451976776E-02   5.1938371658325195E+00   5.1892204284667969E+00   4.6147899702191353E-03
  1.3515625149011612E-02   5.1931700706481934E+00   5.1885566711425781E+00   4.6114148572087288E-03
  1.3554687611758709E-02   5.1918687820434570E+00   5.1872649192810059E+00   4.6047363430261612E-03
  1.3574218377470970E-02   5.1912174224853516E+00   5.1866159439086914E+00   4.6013989485800266E-03
  1.3583984225988388E-02   5.1909193992614746E+00   5.1863222122192383E+00   4.5997952111065388E-03
  1.3593750074505806E-02   5.1905965805053711E+00   5.1860022544860840E+00   4.5981365256011486E-03
  1.3632812537252903E-02   5.1893024444580078E+00   5.1847109794616699E+00   4.5914952643215656E-03
  1.3652343302965164E-02   5.1886057853698730E+00   5.1840195655822754E+00   4.5880791731178761E-03
  1.3671875000000000E-02   5.1880035400390625E+00   5.1834206581115723E+00   4.5848633162677288E-03
  1.3710937462747097E-02   5.1867489814758301E+00   5.1821699142456055E+00   4.5783366076648235E-03
  1.3749999925494194E-02   5.1854591369628906E+00   5.1808886528015137E+00   4.5717437751591206E-03
  1.3769531622529030E-02   5.1848473548889160E+00   5.1802763938903809E+00   4.5685204677283764E-03
  1.3789062388241291E-02   5.1841931343078613E+00   5.1796278953552246E+00   4.5652221888303757E-03
  1.3828124850988388E-02   5.1829586029052734E+00   5.1783986091613770E+00   4.5587737113237381E-03
  1.3906249776482582E-02   5.1804795265197754E+00   5.1759314537048340E+00   4.5458995737135410E-03
  1.3984374701976776E-02   5.1780552864074707E+00   5.1735181808471680E+00   4.5331870205700397E-03
  1.4023437164723873E-02   5.1768012046813965E+00   5.1722764968872070E+00   4.5267683453857899E-03
  1.4062499627470970E-02   5.1756014823913574E+00   5.1710820198059082E+00   4.5204637572169304E-03
  1.4218749478459358E-02   5.1708579063415527E+00   5.1663646697998047E+00   4.4955229386687279E-03
  1.4374999329447746E-02   5.1661758422851562E+00   5.1617069244384766E+00   4.4708922505378723E-03
  1.4531249180436134E-02   5.1616215705871582E+00   5.1571755409240723E+00   4.4467225670814514E-03
  1.4687499031424522E-02   5.1571393013000488E+00   5.1527180671691895E+00   4.4228914193809032E-03
  1.4765623956918716E-02   5.1549277305603027E+00   5.1505155563354492E+00   4.4111018069088459E-03
  1.4843748882412910E-02   5.1527595520019531E+00   5.1483616828918457E+00   4.3994588777422905E-03
  1.4999999664723873E-02   5.1484718322753906E+00   5.1440968513488770E+00   4.3763918802142143E-03
  1.5078125521540642E-02   5.1463513374328613E+00   5.1419854164123535E+00   4.3649729341268539E-03
  1.5117187984287739E-02   5.1453018188476562E+00   5.1409425735473633E+00   4.3593035079538822E-03
  1.5156250447034836E-02   5.1442956924438477E+00   5.1399383544921875E+00   4.3537374585866928E-03
  1.5234375372529030E-02   5.1422252655029297E+00   5.1378827095031738E+00   4.3425187468528748E-03
  1.5253907069563866E-02   5.1417179107666016E+00   5.1373748779296875E+00   4.3397336266934872E-03
  1.5273437835276127E-02   5.1412024497985840E+00   5.1368660926818848E+00   4.3369457125663757E-03
  1.5312500298023224E-02   5.1401977539062500E+00   5.1358652114868164E+00   4.3314266949892044E-03
  1.5625000000000000E-02   5.1321902275085449E+00   5.1279020309448242E+00   4.2876815423369408E-03
  1.5781249850988388E-02   5.1283464431762695E+00   5.1240806579589844E+00   4.2663924396038055E-03
  1.5937499701976776E-02   5.1245493888854980E+00   5.1203050613403320E+00   4.2453608475625515E-03
  1.6249999403953552E-02   5.1171236038208008E+00   5.1129212379455566E+00   4.2041065171360970E-03
  1.6874998807907104E-02   5.1033062934875488E+00   5.0991797447204590E+00   4.1255406104028225E-03
  1.7500000074505806E-02   5.0904211997985840E+00   5.0863685607910156E+00   4.0511349216103554E-03
  1.8750000745058060E-02   5.0670609474182129E+00   5.0631446838378906E+00   3.9133876562118530E-03
  1.9999999552965164E-02   5.0466799736022949E+00   5.0428919792175293E+00   3.7890272215008736E-03
  2.1324999630451202E-02   5.0276832580566406E+00   5.0240144729614258E+00   3.6694665905088186E-03
  2.2649999707937241E-02   5.0109190940856934E+00   5.0073585510253906E+00   3.5606988240033388E-03
  2.3974999785423279E-02   4.9959983825683594E+00   4.9925370216369629E+00   3.4611858427524567E-03
  2.5299999862909317E-02   4.9826459884643555E+00   4.9792747497558594E+00   3.3697204198688269E-03
  2.6844000443816185E-02   4.9687476158142090E+00   4.9654798507690430E+00   3.2719422597438097E-03
  2.8387000784277916E-02   4.9563746452331543E+00   4.9531922340393066E+00   3.1824412290006876E-03
  2.9930999502539635E-02   4.9452681541442871E+00   4.9421677589416504E+00   3.1000107992440462E-03
  3.1475000083446503E-02   4.9352526664733887E+00   4.9322276115417480E+00   3.0237988103181124E-03
  3.4563001245260239E-02   4.9178895950317383E+00   4.9150037765502930E+00   2.8871113900095224E-03
  3.7650000303983688E-02   4.9033622741699219E+00   4.9005937576293945E+00   2.7676757890731096E-03
  4.0738001465797424E-02   4.8910212516784668E+00   4.8883600234985352E+00   2.6620412245392799E-03
  4.3825000524520874E-02   4.8804125785827637E+00   4.8778471946716309E+00   2.5677974335849285E-03
  4.6913001686334610E-02   4.8711967468261719E+00   4.8687114715576172E+00   2.4830203037708998E-03
  5.0000000745058060E-02   4.8631205558776855E+00   4.8607130050659180E+00   2.4063035380095243E-03
  5.3125001490116119E-02   4.8558993339538574E+00   4.8535647392272949E+00   2.3356294259428978E-03
  5.6249998509883881E-02   4.8494901657104492E+00   4.8472156524658203E+00   2.2709898184984922E-03
  5.9374999254941940E-02   4.8437519073486328E+00   4.8415408134460449E+00   2.2115451283752918E-03
  6.2500000000000000E-02   4.8385930061340332E+00   4.8364329338073730E+00   2.1565880160778761E-03
  6.8750001490116119E-02   4.8296694755554199E+00   4.8276114463806152E+00   2.0579018164426088E-03
  7.5000002980232239E-02   4.8222150802612305E+00   4.8202452659606934E+00   1.9714504014700651E-03
  8.1249997019767761E-02   4.8158988952636719E+00   4.8140039443969727E+00   1.8949522636830807E-03
  8.7499998509883881E-02   4.8104825019836426E+00   4.8086543083190918E+00   1.8267581472173333E-03
  9.3750000000000000E-02   4.8057851791381836E+00   4.8040175437927246E+00   1.7654834082350135E-03
  1.0000000149011612E-01   4.8016734123229980E+00   4.7999644279479980E+00   1.7099458491429687E-03
  1.0625000298023224E-01   4.7980475425720215E+00   4.7963891029357910E+00   1.6592553583905101E-03
  1.1249999701976776E-01   4.7948250770568848E+00   4.7932138442993164E+00   1.6127960989251733E-03
  1.1874999850988388E-01   4.7919478416442871E+00   4.7903804779052734E+00   1.5700676012784243E-03
  1.2500000000000000E-01   4.7893590927124023E+00   4.7878303527832031E+00   1.5305851120501757E-03
  1.3750000298023224E-01   4.7848825454711914E+00   4.7834219932556152E+00   1.4596626861020923E-03
  1.5000000596046448E-01   4.7811326980590820E+00   4.7797374725341797E+00   1.3975023757666349E-03
  1.6249999403953552E-01   4.7779593467712402E+00   4.7766151428222656E+00   1.3424990465864539E-03
  1.7499999701976776E-01   4.7752375602722168E+00   4.7739443778991699E+00   1.2935095001012087E-03
  1.8750000000000000E-01   4.7728796005249023E+00   4.7716298103332520E+00   1.2497061397880316E-03
  2.0000000298023224E-01   4.7708191871643066E+00   4.7696080207824707E+00   1.2102791806682944E-03
  2.1875000000000000E-01   4.7681655883789062E+00   4.7670073509216309E+00   1.1573988012969494E-03
  2.3749999701976776E-01   4.7659239768981934E+00   4.7648138999938965E+00   1.1106621241196990E-03
  2.5624999403953552E-01   4.7640089988708496E+00   4.7629404067993164E+00   1.0692840442061424E-03
  2.7500000596046448E-01   4.7623524665832520E+00   4.7613201141357422E+00   1.0321377776563168E-03
  2.9374998807907104E-01   4.7609095573425293E+00   4.7599115371704102E+00   9.9852355197072029E-04
  3.1250000000000000E-01   4.7596364021301270E+00   4.7586693763732910E+00   9.6810911782085896E-04
  3.3125001192092896E-01   4.7585115432739258E+00   4.7575697898864746E+00   9.4043742865324020E-04
  3.4999999403953552E-01   4.7575106620788574E+00   4.7565946578979492E+00   9.1513426741585135E-04
  3.8749998807907104E-01   4.7557907104492188E+00   4.7549200057983398E+00   8.6967821698635817E-04
  4.2500001192092896E-01   4.7543792724609375E+00   4.7535481452941895E+00   8.3075492875650525E-04
  4.6250000596046448E-01   4.7532129287719727E+00   4.7524142265319824E+00   7.9704279778525233E-04
  5.0000000000000000E-01   4.7521886825561523E+00   4.7514214515686035E+00   7.6641049236059189E-04
  5.3125000000000000E-01   4.7514848709106445E+00   4.7507390975952148E+00   7.4474938446655869E-04
  5.6250000000000000E-01   4.7508478164672852E+00   4.7501244544982910E+00   7.2459812508895993E-04
  6.2500000000000000E-01   4.7496719360351562E+00   4.7489852905273438E+00   6.8612705217674375E-04
  6.8750000000000000E-01   4.7487697601318359E+00   4.7481188774108887E+00   6.5470341360196471E-04
  7.5000000000000000E-01   4.7479786872863770E+00   4.7473506927490234E+00   6.2586943386122584E-04
  8.1250000000000000E-01   4.7473359107971191E+00   4.7467365264892578E+00   6.0178164858371019E-04
  8.7500000000000000E-01   4.7467660903930664E+00   4.7461900711059570E+00   5.7948974426835775E-04
  9.3750000000000000E-01   4.7462873458862305E+00   4.7457284927368164E+00   5.5982643971219659E-04
  1.0000000000000000E+00   4.7458610534667969E+00   4.7453207969665527E+00   5.4172909585759044E-04
  1.0625000000000000E+00   4.7455143928527832E+00   4.7449874877929688E+00   5.2662956295534968E-04
  1.1250000000000000E+00   4.7451944351196289E+00   4.7446827888488770E+00   5.1235681166872382E-04
  1.2500000000000000E+00   4.7445883750915527E+00   4.7441024780273438E+00   4.8466355656273663E-04
  1.3750000000000000E+00   4.7441382408142090E+00   4.7436752319335938E+00   4.6289566671475768E-04
  1.5000000000000000E+00   4.7437310218811035E+00   4.7432851791381836E+00   4.4242470175959170E-04
  1.6250000000000000E+00   4.7434101104736328E+00   4.7429819107055664E+00   4.2541837319731712E-04
  1.7500000000000000E+00   4.7431125640869141E+00   4.7427067756652832E+00   4.0936304139904678E-04
  1.8750000000000000E+00   4.7428712844848633E+00   4.7424774169921875E+00   3.9593773544766009E-04
  2.0000000000000000E+00   4.7426519393920898E+00   4.7422671318054199E+00   3.8325341301970184E-04
  2.1875000000000000E+00   4.7423853874206543E+00   4.7420182228088379E+00   3.6694781738333404E-04
  2.3750000000000000E+00   4.7421402931213379E+00   4.7417883872985840E+00   3.5129176103509963E-04
  2.5625000000000000E+00   4.7419443130493164E+00   4.7416019439697266E+00   3.3845994039438665E-04
  2.7500000000000000E+00   4.7417621612548828E+00   4.7414340972900391E+00   3.2622413709759712E-04
  2.9375000000000000E+00   4.7416129112243652E+00   4.7412977218627930E+00   3.1596905319020152E-04
  3.1250000000000000E+00   4.7414731979370117E+00   4.7411675453186035E+00   3.0613745911978185E-04
  3.5000000000000000E+00   4.7412481307983398E+00   4.7409567832946777E+00   2.8918226598761976E-04
  3.8750000000000000E+00   4.7410721778869629E+00   4.7407956123352051E+00   2.7547930949367583E-04
  4.2500000000000000E+00   4.7409100532531738E+00   4.7406468391418457E+00   2.6220842846669257E-04
  4.6250000000000000E+00   4.7407851219177246E+00   4.7405343055725098E+00   2.5198553339578211E-04
  5.0000000000000000E+00   4.7406682968139648E+00   4.7404279708862305E+00   2.4214165750890970E-04
  5.6250000000000000E+00   4.7405247688293457E+00   4.7402977943420410E+00   2.2898874885868281E-04
  6.2500000000000000E+00   4.7403926849365234E+00   4.7401771545410156E+00   2.1617891616187990E-04
  6.8750000000000000E+00   4.7402935028076172E+00   4.7400884628295898E+00   2.0699313608929515E-04
  7.5000000000000000E+00   4.7402033805847168E+00   4.7400050163269043E+00   1.9807083299383521E-04
  8.7500000000000000E+00   4.7400646209716797E+00   4.7398824691772461E+00   1.8307827122043818E-04
  1.0000000000000000E+01   4.7399597167968750E+00   4.7397866249084473E+00   1.7108581960201263E-04
  1.2500000000000000E+01   4.7398076057434082E+00   4.7396550178527832E+00   1.5308074944186956E-04
  1.5000000000000000E+01   4.7397027015686035E+00   4.7395620346069336E+00   1.4003479736857116E-04
  1.7500000000000000E+01   4.7396225929260254E+00   4.7394952774047852E+00   1.2905790936201811E-04
  2.0000000000000000E+01   4.7395596504211426E+00   4.7394385337829590E+00   1.2102749315090477E-04
  2.3750000000000000E+01   4.7394862174987793E+00   4.7393712997436523E+00   1.1103013093816116E-04
  2.7500000000000000E+01   4.7394247055053711E+00   4.7393207550048828E+00   1.0303278395440429E-04
  3.1250000000000000E+01   4.7393717765808105E+00   4.7392778396606445E+00   9.6999981906265020E-05
  3.5000000000000000E+01   4.7393317222595215E+00   4.7392401695251465E+00   9.1037225502077490E-05
  4.2500000000000000E+01   4.7392563819885254E+00   4.7391762733459473E+00   8.3020742749795318E-05
  5.0000000000000000E+01   4.7391939163208008E+00   4.7391180992126465E+00   7.7006981882732362E-05
  6.2500000000000000E+01   4.7391047477722168E+00   4.7390375137329102E+00   6.8022614868823439E-05
  7.5000000000000000E+01   4.7390275001525879E+00   4.7389631271362305E+00   6.2016719311941415E-05
  8.7500000000000000E+01   4.7389526367187500E+00   4.7388949394226074E+00   5.8000445278594270E-05
  1.0000000000000000E+02   4.7388806343078613E+00   4.7388296127319336E+00   5.4009797167964280E-05
  1.1250000000000000E+02   4.7388148307800293E+00   4.7387633323669434E+00   5.1000388339161873E-05
  1.1875000000000000E+02   4.7387828826904297E+00   4.7387342453002930E+00   4.9500366003485397E-05
  1.2187500000000000E+02   4.7387657165527344E+00   4.7387166023254395E+00   4.8750353016657755E-05
  1.2343750000000000E+02   4.7387456893920898E+00   4.7386965751647949E+00   4.8375226469943300E-05
  1.2363281250000000E+02   4.7386817932128906E+00   4.7386331558227539E+00   4.8327714466722682E-05
  1.2382812500000000E+02   4.7379207611083984E+00   4.7378716468811035E+00   4.8273137508658692E-05
  1.2392578125000000E+02   4.7361969947814941E+00   4.7361493110656738E+00   4.8232242988888174E-05
  1.2402343750000000E+02   4.7316355705261230E+00   4.7315855026245117E+00   4.8162641178350896E-05
  1.2412109375000000E+02   4.7206835746765137E+00   4.7206344604492188E+00   4.8028316086856648E-05
  1.2421875000000000E+02   4.6966776847839355E+00   4.6966304779052734E+00   4.7761881432961673E-05
  1.2426757812500000E+02   4.6765079498291016E+00   4.6764602661132812E+00   4.7546007408527657E-05
  1.2431640625000000E+02   4.6484923362731934E+00   4.6484436988830566E+00   4.7250683564925566E-05
  1.2436523437500000E+02   4.6104125976562500E+00   4.6103625297546387E+00   4.6853507228661329E-05
  1.2441406250000000E+02   4.5597677230834961E+00   4.5597167015075684E+00   4.6329183533089235E-05
  1.2446289062500000E+02   4.4938697814941406E+00   4.4938211441040039E+00   4.5650464016944170E-05
  1.2451171875000000E+02   4.4099822044372559E+00   4.4099364280700684E+00   4.4789721869165078E-05
  1.2456054687500000E+02   4.3055124282836914E+00   4.3054680824279785E+00   4.3720745452446863E-05
  1.2460937500000000E+02   4.1782584190368652E+00   4.1782164573669434E+00   4.2421277612447739E-05
  1.2463378906250000E+02   4.1055579185485840E+00   4.1055145263671875E+00   4.1679715650388971E-05
  1.2465820312500000E+02   4.0266289710998535E+00   4.0265874862670898E+00   4.0875198465073481E-05
  1.2468261718750000E+02   3.9414112567901611E+00   3.9413664340972900E+00   4.0007053030421957E-05
  1.2470703125000000E+02   3.8498985767364502E+00   3.8498594760894775E+00   3.9075282984413207E-05
  1.2473144531250000E+02   3.7521953582763672E+00   3.7521524429321289E+00   3.8080888771219179E-05
  1.2475585937500000E+02   3.6484000682830811E+00   3.6483635902404785E+00   3.7024965422460809E-05
  1.2478027343750000E+02   3.5388045310974121E+00   3.5387668609619141E+00   3.5910372389480472E-05
  1.2480468750000000E+02   3.4236845970153809E+00   3.4236495494842529E+00   3.4739954571705312E-05
  1.2482910156250000E+02   3.3034315109252930E+00   3.3033967018127441E+00   3.3517724659759551E-05
  1.2485351562500000E+02   3.1784930229187012E+00   3.1784610748291016E+00   3.2248186471406370E-05
  1.2487792968750000E+02   3.0494267940521240E+00   3.0493943691253662E+00   3.0936960683902726E-05
  1.2490234375000000E+02   2.9167985916137695E+00   2.9167683124542236E+00   2.9589838959509507E-05
  1.2492675781250000E+02   2.7812817096710205E+00   2.7812530994415283E+00   2.8213633413542993E-05
  1.2495117187500000E+02   2.6435372829437256E+00   2.6435105800628662E+00   2.6815010642167181E-05
  1.2497558593750000E+02   2.5043241977691650E+00   2.5042991638183594E+00   2.5401681341463700E-05
  1.2500000000000000E+02   2.3643910884857178E+00   2.3643665313720703E+00   2.3981234335224144E-05
