  9.9999997473787516E-06
  1.0499999916646630E-05
  1.1000000085914508E-05
  1.1000000085914508E-05
  1.1500000255182385E-05
  1.2000000424450263E-05
  1.2999999853491317E-05
  1.4000000192027073E-05
  1.4999999621068127E-05
  1.5999999959603883E-05
  1.7000000298139639E-05
  1.8000000636675395E-05
  1.8999999156221747E-05
  1.9999999494757503E-05
  2.2000000171829015E-05
  2.4000000848900527E-05
  2.5999999706982635E-05
  2.8000000384054147E-05
  2.9000000722589903E-05
  3.0999999580672011E-05
  3.3000000257743523E-05
  3.5000000934815034E-05
  3.6999997973907739E-05
  3.8999998650979251E-05
  4.0999999328050762E-05
  4.3000000005122274E-05
  4.6000001020729542E-05
  4.9999998736893758E-05
  5.2999999752501026E-05
  5.6000000768108293E-05
  5.9000001783715561E-05
  6.2999999499879777E-05
  6.9000001531094313E-05
  7.5000003562308848E-05
  8.0999998317565769E-05
  8.8000000687316060E-05
  9.4000002718530595E-05
  9.9999997473787516E-05
  1.0599999950500205E-04
  1.1300000187475234E-04
  1.1899999663000926E-04
  1.2500000593718141E-04
  1.3150001177564263E-04
  1.3800000306218863E-04
  1.5000000712461770E-04
  1.6300000424962491E-04
  1.7499999376013875E-04
  1.8800000543706119E-04
  1.9999999494757503E-04
  2.1899999410379678E-04
  2.3799999326001853E-04
  2.5599999935366213E-04
  2.7499999850988388E-04
  2.9399999766610563E-04
  3.1299999682232738E-04
  3.3099998836405575E-04
  3.4999998752027750E-04
  3.6899998667649925E-04
  3.8799998583272099E-04
  4.2500000563450158E-04
  4.6300000394694507E-04
  5.0000002374872565E-04
  5.3100002696737647E-04
  5.6299997959285975E-04
  5.9399998281151056E-04
  6.2499998603016138E-04
  6.8800000008195639E-04
  7.5000000651925802E-04
  8.1300002057105303E-04
  8.7500002700835466E-04
  9.3799998285248876E-04
  1.0000000474974513E-03
  1.0629999451339245E-03
  1.1249999515712261E-03
  1.1869999580085278E-03
  1.2499999720603228E-03
  1.3124999823048711E-03
  1.3749999925494194E-03
  1.5000000130385160E-03
  1.6250000335276127E-03
  1.7500000540167093E-03
  1.8749999580904841E-03
  2.0000000949949026E-03
  2.1879998967051506E-03
  2.3749999236315489E-03
  2.5629999581724405E-03
  2.7499999850988388E-03
  2.9380000196397305E-03
  3.1250000465661287E-03
  3.3120000734925270E-03
  3.5000001080334187E-03
  3.6875000223517418E-03
  3.8749999366700649E-03
  4.0624998509883881E-03
  4.2500002309679985E-03
  4.4375001452863216E-03
  4.6250000596046448E-03
  4.9999998882412910E-03
  5.3130001761019230E-03
  5.6250002235174179E-03
  5.9380000457167625E-03
  6.2500000931322575E-03
  6.5625002607703209E-03
  6.8749999627470970E-03
  7.1874996647238731E-03
  7.4999998323619366E-03
  7.6562501490116119E-03
  7.8125000000000000E-03
  8.1249997019767761E-03
  8.4374994039535522E-03
  8.5937492549419403E-03
  8.7500000372529030E-03
  9.0625006705522537E-03
  9.1406255960464478E-03
  9.2187505215406418E-03
  9.2968754470348358E-03
  9.3359379097819328E-03
  9.3750003725290298E-03
  9.5312502235174179E-03
  9.5703126862645149E-03
  9.5715336501598358E-03
  9.5727536827325821E-03
  9.5733646303415298E-03
  9.5739746466279030E-03
  9.5751956105232239E-03
  9.5776366069912910E-03
  9.5800776034593582E-03
  9.5898434519767761E-03
  9.5922853797674179E-03
  9.5947263762354851E-03
  9.5996093004941940E-03
  9.6044922247529030E-03
  9.6093751490116119E-03
  9.6118170768022537E-03
  9.6142580732703209E-03
  9.6166990697383881E-03
  9.6179200336337090E-03
  9.6191409975290298E-03
  9.6203619614243507E-03
  9.6215829253196716E-03
  9.6228029578924179E-03
  9.6240239217877388E-03
  9.6252448856830597E-03
  9.6264649182558060E-03
  9.6289068460464478E-03
  9.6484376117587090E-03
  9.6508786082267761E-03
  9.6533205360174179E-03
  9.6557615324854851E-03
  9.6569824963808060E-03
  9.6582025289535522E-03
  9.6679683774709702E-03
  9.6704103052616119E-03
  9.6728513017296791E-03
  9.6777342259883881E-03
  9.6875000745058060E-03
  9.7070317715406418E-03
  9.7265625372529030E-03
  9.7363274544477463E-03
  9.7387693822383881E-03
  9.7399894148111343E-03
  9.7412103787064552E-03
  9.7436513751745224E-03
  9.7460933029651642E-03
  9.7656250000000000E-03
  9.7753908485174179E-03
  9.7802737727761269E-03
  9.7851566970348358E-03
  9.7949225455522537E-03
  9.7973635420203209E-03
  9.7998045384883881E-03
  9.8022464662790298E-03
  9.8046874627470970E-03
  9.8437499254941940E-03
  9.9999997764825821E-03
  1.0004882700741291E-02
  1.0009765625000000E-02
  1.0012207552790642E-02
  1.0013427585363388E-02
  1.0014648549258709E-02
  1.0019531473517418E-02
  1.0029297322034836E-02
  1.0031738318502903E-02
  1.0032959282398224E-02
  1.0034179314970970E-02
  1.0039062239229679E-02
  1.0078124701976776E-02
  1.0097656399011612E-02
  1.0100098326802254E-02
  1.0101318359375000E-02
  1.0102539323270321E-02
  1.0107422247529030E-02
  1.0109863243997097E-02
  1.0112304240465164E-02
  1.0117187164723873E-02
  1.0119628161191940E-02
  1.0122070088982582E-02
  1.0124511085450649E-02
  1.0126952081918716E-02
  1.0136717930436134E-02
  1.0139159858226776E-02
  1.0141600854694843E-02
  1.0144041851162910E-02
  1.0146483778953552E-02
  1.0156249627470970E-02
  1.0175781324505806E-02
  1.0185547173023224E-02
  1.0195312090218067E-02
  1.0200195014476776E-02
  1.0202636010944843E-02
  1.0205077007412910E-02
  1.0209959931671619E-02
  1.0214842855930328E-02
  1.0234374552965164E-02
  1.0236816480755806E-02
  1.0239257477223873E-02
  1.0244140401482582E-02
  1.0249023325741291E-02
  1.0250244289636612E-02
  1.0251464322209358E-02
  1.0253906250000000E-02
  1.0273437015712261E-02
  1.0312499478459358E-02
  1.0468749329447746E-02
  1.0546874254941940E-02
  1.0549316182732582E-02
  1.0551757179200649E-02
  1.0556640103459358E-02
  1.0566405951976776E-02
  1.0585937649011612E-02
  1.0588379576802254E-02
  1.0590820573270321E-02
  1.0595703497529030E-02
  1.0598145425319672E-02
  1.0600586421787739E-02
  1.0605469346046448E-02
  1.0625000111758709E-02
  1.0703125968575478E-02
  1.0742188431322575E-02
  1.0747071355581284E-02
  1.0751953348517418E-02
  1.0754395276308060E-02
  1.0756836272776127E-02
  1.0761719197034836E-02
  1.0766602121293545E-02
  1.0771485045552254E-02
  1.0773926973342896E-02
  1.0776367969810963E-02
  1.0778808966279030E-02
  1.0781250894069672E-02
  1.0800782591104507E-02
  1.0820313356816769E-02
  1.0839844122529030E-02
  1.0859375819563866E-02
  1.0878907516598701E-02
  1.0888673365116119E-02
  1.0893555358052254E-02
  1.0898438282310963E-02
  1.0900879278779030E-02
  1.0903321206569672E-02
  1.0908203199505806E-02
  1.0910645127296448E-02
  1.0913086123764515E-02
  1.0917969048023224E-02
  1.0927734896540642E-02
  1.0930176824331284E-02
  1.0932617820799351E-02
  1.0935058817267418E-02
  1.0937500745058060E-02
  1.0942383669316769E-02
  1.0947266593575478E-02
  1.0952149517834187E-02
  1.0957032442092896E-02
  1.0966798290610313E-02
  1.0971680283546448E-02
  1.0976563207805157E-02
  1.0981446132063866E-02
  1.0986328125000000E-02
  1.0996093973517418E-02
  1.1015625670552254E-02
  1.1035157367587090E-02
  1.1040040291845798E-02
  1.1044923216104507E-02
  1.1054688133299351E-02
  1.1093750596046448E-02
  1.1098633520305157E-02
  1.1099854484200478E-02
  1.1101074516773224E-02
  1.1103516444563866E-02
  1.1108399368822575E-02
  1.1113282293081284E-02
  1.1118165217339993E-02
  1.1123048141598701E-02
  1.1132813058793545E-02
  1.1142577975988388E-02
  1.1152343824505806E-02
  1.1162109673023224E-02
  1.1171875521540642E-02
  1.1174317449331284E-02
  1.1176758445799351E-02
  1.1181641370058060E-02
  1.1191407218575478E-02
  1.1210937984287739E-02
  1.1213378980755806E-02
  1.1215820908546448E-02
  1.1220702901482582E-02
  1.1225585825741291E-02
  1.1230468750000000E-02
  1.1232910677790642E-02
  1.1235351674258709E-02
  1.1240234598517418E-02
  1.1250000447034836E-02
  1.1289062909781933E-02
  1.1298827826976776E-02
  1.1303710751235485E-02
  1.1308593675494194E-02
  1.1318359524011612E-02
  1.1328125372529030E-02
  1.1337891221046448E-02
  1.1340333148837090E-02
  1.1342774145305157E-02
  1.1347657069563866E-02
  1.1357422918081284E-02
  1.1367187835276127E-02
  1.1406250298023224E-02
  1.1445312760770321E-02
  1.1455077677965164E-02
  1.1464843526482582E-02
  1.1474609375000000E-02
  1.1484375223517418E-02
  1.1494141072034836E-02
  1.1503906920552254E-02
  1.1513672769069672E-02
  1.1518554762005806E-02
  1.1523437686264515E-02
  1.1562500149011612E-02
  1.1572265997529030E-02
  1.1582031846046448E-02
  1.1601562611758709E-02
  1.1611327528953552E-02
  1.1621093377470970E-02
  1.1623535305261612E-02
  1.1624755337834358E-02
  1.1625976301729679E-02
  1.1628417298197746E-02
  1.1630859225988388E-02
  1.1640625074505806E-02
  1.1645507998764515E-02
  1.1650390923023224E-02
  1.1660156771540642E-02
  1.1665039695799351E-02
  1.1669922620058060E-02
  1.1679687537252903E-02
  1.1689452454447746E-02
  1.1699218302965164E-02
  1.1708984151482582E-02
  1.1713867075741291E-02
  1.1718750000000000E-02
  1.1757812462747097E-02
  1.1767577379941940E-02
  1.1777343228459358E-02
  1.1796874925494194E-02
  1.1874999850988388E-02
  1.1884765699505806E-02
  1.1894531548023224E-02
  1.1904297396540642E-02
  1.1914062313735485E-02
  1.1923827230930328E-02
  1.1933593079447746E-02
  1.1953124776482582E-02
  1.1962890625000000E-02
  1.1972656473517418E-02
  1.1977539397776127E-02
  1.1982422322034836E-02
  1.1987304314970970E-02
  1.1992187239229679E-02
  1.2001952156424522E-02
  1.2011718004941940E-02
  1.2014159932732582E-02
  1.2016600929200649E-02
  1.2021483853459358E-02
  1.2026366777718067E-02
  1.2031249701976776E-02
  1.2050781399011612E-02
  1.2070312164723873E-02
  1.2109374627470970E-02
  1.2114257551729679E-02
  1.2119140475988388E-02
  1.2128906324505806E-02
  1.2138672173023224E-02
  1.2148437090218067E-02
  1.2167967855930328E-02
  1.2177733704447746E-02
  1.2187499552965164E-02
  1.2207031250000000E-02
  1.2216797098517418E-02
  1.2221679091453552E-02
  1.2226562015712261E-02
  1.2236326932907104E-02
  1.2241209857165813E-02
  1.2246092781424522E-02
  1.2265624478459358E-02
  1.2285156175494194E-02
  1.2304686941206455E-02
  1.2324217706918716E-02
  1.2343749403953552E-02
  1.2353515252470970E-02
  1.2363281100988388E-02
  1.2373046949505806E-02
  1.2377928942441940E-02
  1.2382811866700649E-02
  1.2392576783895493E-02
  1.2402342632412910E-02
  1.2407225556671619E-02
  1.2412108480930328E-02
  1.2416991405189037E-02
  1.2421874329447746E-02
  1.2441406026482582E-02
  1.2460937723517418E-02
  1.2465820647776127E-02
  1.2470703572034836E-02
  1.2480469420552254E-02
  1.2490235269069672E-02
  1.2500000186264515E-02
  1.2539062649011612E-02
  1.2558594346046448E-02
  1.2568360194563866E-02
  1.2578126043081284E-02
  1.2587891891598701E-02
  1.2592774815857410E-02
  1.2597657740116119E-02
  1.2602540664374828E-02
  1.2607423588633537E-02
  1.2612305581569672E-02
  1.2617188505828381E-02
  1.2626953423023224E-02
  1.2636719271540642E-02
  1.2656250968575478E-02
  1.2675782665610313E-02
  1.2695313431322575E-02
  1.2705078348517418E-02
  1.2714844197034836E-02
  1.2734375894069672E-02
  1.2773438356816769E-02
  1.2783203274011612E-02
  1.2792969122529030E-02
  1.2812500819563866E-02
  1.2851563282310963E-02
  1.2871094048023224E-02
  1.2880859896540642E-02
  1.2890625745058060E-02
  1.2929688207805157E-02
  1.2949218973517418E-02
  1.2958984822034836E-02
  1.2968750670552254E-02
  1.3046875596046448E-02
  1.3066407293081284E-02
  1.3076173141598701E-02
  1.3085938058793545E-02
  1.3090820983052254E-02
  1.3095702975988388E-02
  1.3105468824505806E-02
  1.3110351748764515E-02
  1.3115234673023224E-02
  1.3125000521540642E-02
  1.3144532218575478E-02
  1.3164062984287739E-02
  1.3203125447034836E-02
  1.3222657144069672E-02
  1.3242187909781933E-02
  1.3251952826976776E-02
  1.3256835751235485E-02
  1.3261718675494194E-02
  1.3281250372529030E-02
  1.3286133296787739E-02
  1.3288574293255806E-02
  1.3291016221046448E-02
  1.3295899145305157E-02
  1.3300782069563866E-02
  1.3320312835276127E-02
  1.3359375298023224E-02
  1.3398437760770321E-02
  1.3437500223517418E-02
  1.3457031920552254E-02
  1.3476562686264515E-02
  1.3496093451976776E-02
  1.3515625149011612E-02
  1.3554687611758709E-02
  1.3574218377470970E-02
  1.3583984225988388E-02
  1.3593750074505806E-02
  1.3632812537252903E-02
  1.3652343302965164E-02
  1.3671875000000000E-02
  1.3710937462747097E-02
  1.3749999925494194E-02
  1.3769531622529030E-02
  1.3789062388241291E-02
  1.3828124850988388E-02
  1.3906249776482582E-02
  1.3984374701976776E-02
  1.4023437164723873E-02
  1.4062499627470970E-02
  1.4218749478459358E-02
  1.4374999329447746E-02
  1.4531249180436134E-02
  1.4687499031424522E-02
  1.4765623956918716E-02
  1.4843748882412910E-02
  1.4999999664723873E-02
  1.5078125521540642E-02
  1.5117187984287739E-02
  1.5156250447034836E-02
  1.5234375372529030E-02
  1.5253907069563866E-02
  1.5273437835276127E-02
  1.5312500298023224E-02
  1.5625000000000000E-02
  1.5781249850988388E-02
  1.5937499701976776E-02
  1.6249999403953552E-02
  1.6874998807907104E-02
  1.7500000074505806E-02
  1.8750000745058060E-02
  1.9999999552965164E-02
  2.1324999630451202E-02
  2.2649999707937241E-02
  2.3974999785423279E-02
  2.5299999862909317E-02
  2.6844000443816185E-02
  2.8387000784277916E-02
  2.9930999502539635E-02
  3.1475000083446503E-02
  3.4563001245260239E-02
  3.7650000303983688E-02
  4.0738001465797424E-02
  4.3825000524520874E-02
  4.6913001686334610E-02
  5.0000000745058060E-02
  5.3125001490116119E-02
  5.6249998509883881E-02
  5.9374999254941940E-02
  6.2500000000000000E-02
  6.8750001490116119E-02
  7.5000002980232239E-02
  8.1249997019767761E-02
  8.7499998509883881E-02
  9.3750000000000000E-02
  1.0000000149011612E-01
  1.0625000298023224E-01
  1.1249999701976776E-01
  1.1874999850988388E-01
  1.2500000000000000E-01
  1.3750000298023224E-01
  1.5000000596046448E-01
  1.6249999403953552E-01
  1.7499999701976776E-01
  1.8750000000000000E-01
  2.0000000298023224E-01
  2.1875000000000000E-01
  2.3749999701976776E-01
  2.5624999403953552E-01
  2.7500000596046448E-01
  2.9374998807907104E-01
  3.1250000000000000E-01
  3.3125001192092896E-01
  3.4999999403953552E-01
  3.8749998807907104E-01
  4.2500001192092896E-01
  4.6250000596046448E-01
  5.0000000000000000E-01
  5.3125000000000000E-01
  5.6250000000000000E-01
  6.2500000000000000E-01
  6.8750000000000000E-01
  7.5000000000000000E-01
  8.1250000000000000E-01
  8.7500000000000000E-01
  9.3750000000000000E-01
  1.0000000000000000E+00
  1.0625000000000000E+00
  1.1250000000000000E+00
  1.2500000000000000E+00
  1.3750000000000000E+00
  1.5000000000000000E+00
  1.6250000000000000E+00
  1.7500000000000000E+00
  1.8750000000000000E+00
  2.0000000000000000E+00
  2.1875000000000000E+00
  2.3750000000000000E+00
  2.5625000000000000E+00
  2.7500000000000000E+00
  2.9375000000000000E+00
  3.1250000000000000E+00
  3.5000000000000000E+00
  3.8750000000000000E+00
  4.2500000000000000E+00
  4.6250000000000000E+00
  5.0000000000000000E+00
  5.6250000000000000E+00
  6.2500000000000000E+00
  6.8750000000000000E+00
  7.5000000000000000E+00
  8.7500000000000000E+00
  1.0000000000000000E+01
  1.2500000000000000E+01
  1.5000000000000000E+01
  1.7500000000000000E+01
  2.0000000000000000E+01
  2.3750000000000000E+01
  2.7500000000000000E+01
  3.1250000000000000E+01
  3.5000000000000000E+01
  4.2500000000000000E+01
  5.0000000000000000E+01
  6.2500000000000000E+01
  7.5000000000000000E+01
  8.7500000000000000E+01
  1.0000000000000000E+02
  1.1250000000000000E+02
  1.1875000000000000E+02
  1.2187500000000000E+02
  1.2343750000000000E+02
  1.2363281250000000E+02
  1.2382812500000000E+02
  1.2392578125000000E+02
  1.2402343750000000E+02
  1.2412109375000000E+02
  1.2421875000000000E+02
  1.2426757812500000E+02
  1.2431640625000000E+02
  1.2436523437500000E+02
  1.2441406250000000E+02
  1.2446289062500000E+02
  1.2451171875000000E+02
  1.2456054687500000E+02
  1.2460937500000000E+02
  1.2463378906250000E+02
  1.2465820312500000E+02
  1.2468261718750000E+02
  1.2470703125000000E+02
  1.2473144531250000E+02
  1.2475585937500000E+02
  1.2478027343750000E+02
  1.2480468750000000E+02
  1.2482910156250000E+02
  1.2485351562500000E+02
  1.2487792968750000E+02
  1.2490234375000000E+02
  1.2492675781250000E+02
  1.2495117187500000E+02
  1.2497558593750000E+02
  1.2500000000000000E+02
