0.000010           119.851013           119.680969             0.170130  
0.000011           114.187164           114.025299             0.162008  
0.000011           114.187164           114.025299             0.162008  
0.000012           109.349792           109.194580             0.155146  
0.000013           105.094025           104.945129             0.149119  
0.000014           101.351379           101.207367             0.143855  
0.000015            97.869537            97.730682             0.138864  
0.000016            94.697296            94.563080             0.134300  
0.000018            89.383270            89.256271             0.126816  
0.000019            86.977829            86.854721             0.123374  
0.000020            84.783997            84.663727             0.120256  
0.000022            80.883484            80.768875             0.114735  
0.000024            77.410339            77.300415             0.109763  
0.000026            74.358765            74.253311             0.105403  
0.000028            71.709717            71.608032             0.101670  
0.000029            70.467926            70.368103             0.099903  
0.000031            68.168930            68.072357             0.096633  
0.000033            66.049850            65.956253             0.093594  
0.000035            64.161591            64.070656             0.090920  
0.000039            60.817131            60.730942             0.086172  
0.000043            57.879555            57.797638             0.081946  
0.000046            56.001305            55.922066             0.079294  
0.000050            53.715775            53.639709             0.076027  
0.000053            52.210037            52.136192             0.073901  
0.000056            50.783768            50.711922             0.071854  
0.000059            49.473946            49.404007             0.069978  
0.000063            47.922085            47.854286             0.067789  
0.000069            45.800907            45.736206             0.064756  
0.000075            43.951393            43.889256             0.062119  
0.000081            42.315384            42.255638             0.059788  
0.000088            40.594105            40.536873             0.057312  
0.000094            39.302799            39.247330             0.055475  
0.000100            38.132919            38.079094             0.053812  
0.000106            37.047073            36.994823             0.052254  
0.000113            35.895996            35.845383             0.050606  
0.000119            34.988937            34.939636             0.049304  
0.000125            34.167816            34.119694             0.048140  
0.000138            32.537216            32.491425             0.045796  
0.000150            31.205479            31.161610             0.043865  
0.000163            29.974400            29.932304             0.042109  
0.000175            28.950583            28.909943             0.040638  
0.000188            27.955811            27.916624             0.039209  
0.000200            27.136978            27.098923             0.038040  
0.000219            25.961239            25.924896             0.036343  
0.000238            24.932030            24.897152             0.034857  
0.000256            24.075495            24.041878             0.033626  
0.000275            23.243202            23.210781             0.032413  
0.000294            22.515486            22.484119             0.031365  
0.000313            21.848928            21.818521             0.030400  
0.000331            21.274391            21.244816             0.029569  
0.000350            20.705189            20.676460             0.028735  
0.000388            19.723495            19.696178             0.027314  
0.000425            18.885868            18.859787             0.026089  
0.000463            18.134851            18.109863             0.024988  
0.000500            17.489294            17.465252             0.024040  
0.000531            17.004078            16.980745             0.023326  
0.000563            16.553101            16.530424             0.022667  
0.000594            16.144323            16.122263             0.022062  
0.000625            15.770083            15.748575             0.021509  
0.000688            15.087320            15.066824             0.020495  
0.000750            14.501910            14.482282             0.019621  
0.000813            13.987024            13.968167             0.018854  
0.000875            13.538918            13.520734             0.018185  
0.000938            13.123195            13.105644             0.017557  
0.001000            12.758640            12.741632             0.017006  
0.001063            12.418695            12.402212             0.016487  
0.001125            12.116029            12.100011             0.016026  
0.001187            11.839406            11.823807             0.015603  
0.001250            11.580318            11.565114             0.015205  
0.001375            11.122837            11.108338             0.014498  
0.001500            10.727117            10.713235             0.013882  
0.001625            10.378302            10.364972             0.013333  
0.001750            10.070432            10.057584             0.012846  
0.001875             9.797691             9.785279             0.012411  
0.002000             9.551898             9.539890             0.012016  
0.002188             9.224771             9.213286             0.011485  
0.002375             8.945418             8.934390             0.011029  
0.002563             8.695930             8.685313             0.010615  
0.002750             8.477336             8.467085             0.010249  
0.002938             8.278925             8.269009             0.009913  
0.003125             8.102389             8.092777             0.009610  
0.003312             7.943501             7.934167             0.009335  
0.003500             7.796177             7.787104             0.009077  
0.003875             7.545186             7.536553             0.008633  
0.004250             7.326357             7.318122             0.008235  
0.004625             7.144323             7.136425             0.007900  
0.005000             6.982414             6.974820             0.007595  
0.005313             6.863475             6.856110             0.007366  
0.005625             6.757230             6.750071             0.007160  
0.005938             6.661380             6.654411             0.006970  
0.006250             6.570797             6.564008             0.006788  
0.006875             6.416726             6.410254             0.006472  
0.007500             6.286016             6.279821             0.006196  
0.008125             6.174255             6.168302             0.005954  
0.008750             6.074113             6.068381             0.005731  
0.009375             5.990444             5.984909             0.005540  
0.010000             5.915633             5.910271             0.005364  
0.010625             5.849916             5.844711             0.005206  
0.011250             5.789063             5.784006             0.005057  
0.011875             5.734696             5.729775             0.004921  
0.012500             5.687330             5.682531             0.004799  
0.013750             5.603301             5.598723             0.004576  
0.015000             5.531126             5.526747             0.004378  
0.016250             5.470470             5.466265             0.004205  
0.017500             5.420271             5.416216             0.004056  
0.018750             5.371553             5.367643             0.003910  
0.020000             5.337220             5.333423             0.003797  
0.021325             5.296973             5.293302             0.003670  
0.022650             5.265858             5.262293             0.003564  
0.023975             5.234849             5.231389             0.003460  
0.025300             5.215027             5.211646             0.003382  
0.026844             5.187762             5.184478             0.003284  
0.028387             5.160842             5.157655             0.003188  
0.029931             5.138978             5.135872             0.003104  
0.031475             5.120365             5.117334             0.003030  
0.034563             5.089111             5.086214             0.002898  
0.037650             5.059629             5.056853             0.002776  
0.040738             5.032424             5.029763             0.002663  
0.043825             5.006341             5.003788             0.002556  
0.046913             4.994658             4.992173             0.002485  
0.050000             4.979266             4.976857             0.002409  
0.053125             4.964991             4.962653             0.002337  
0.056250             4.952215             4.949943             0.002272  
0.059375             4.941062             4.938851             0.002212  
0.062500             4.930988             4.928832             0.002157  
0.068750             4.913631             4.911575             0.002058  
0.075000             4.899174             4.897203             0.001971  
0.081250             4.886940             4.885045             0.001895  
0.087500             4.876451             4.874625             0.001827  
0.093750             4.867360             4.865593             0.001765  
0.100000             4.859403             4.857693             0.001710  
0.106250             4.852380             4.850719             0.001659  
0.112500             4.846137             4.844525             0.001613  
0.118750             4.840552             4.838981             0.001570  
0.125000             4.835523             4.833992             0.001530  
0.137500             4.826834             4.825375             0.001459  
0.150000             4.819591             4.818194             0.001397  
0.162500             4.813459             4.812116             0.001343  
0.175000             4.808201             4.806907             0.001294  
0.187500             4.803642             4.802392             0.001250  
0.200000             4.799652             4.798442             0.001210  
0.218750             4.794520             4.793363             0.001157  
0.237500             4.790196             4.789085             0.001111  
0.256250             4.786501             4.785434             0.001069  
0.275000             4.783310             4.782279             0.001032  
0.293750             4.780527             4.779528             0.000999  
0.312500             4.778077             4.777108             0.000968  
0.331250             4.775904             4.774963             0.000941  
0.350000             4.773966             4.773050             0.000915  
0.387500             4.770653             4.769783             0.000870  
0.425000             4.767927             4.767096             0.000831  
0.500000             4.763707             4.762939             0.000767  
0.625000             4.758881             4.758194             0.000687  
0.750000             4.755638             4.755012             0.000626  
0.875000             4.753322             4.752743             0.000580  
1.000000             4.751598             4.751057             0.000542  
1.250000             4.749170             4.748685             0.000485  
1.500000             4.747536             4.747093             0.000443  
1.750000             4.746367             4.745958             0.000410  
2.000000             4.745493             4.745110             0.000383  
2.375000             4.744524             4.744172             0.000352  
2.750000             4.743813             4.743486             0.000326  
3.125000             4.743272             4.742965             0.000306  
3.500000             4.742848             4.742558             0.000289  
4.250000             4.742219             4.741956             0.000262  
5.000000             4.741775             4.741533             0.000242  
6.250000             4.741267             4.741050             0.000216  
7.500000             4.740923             4.740726             0.000198  
8.750000             4.740675             4.740492             0.000183  
10.000000             4.740486             4.740315             0.000171  
12.500000             4.740221             4.740067             0.000153  
15.000000             4.740036             4.739896             0.000140  
17.500000             4.739901             4.739773             0.000129  
20.000000             4.739797             4.739676             0.000121  
23.750000             4.739676             4.739564             0.000111  
27.500000             4.739583             4.739480             0.000103  
31.250000             4.739507             4.739410             0.000097  
35.000000             4.739444             4.739353             0.000091  
42.500000             4.739342             4.739260             0.000083  
50.000000             4.739258             4.739182             0.000077  
62.500000             4.739146             4.739078             0.000068  
75.000000             4.739051             4.738988             0.000062  
87.500000             4.738966             4.738909             0.000058  
100.000000             4.738888             4.738834             0.000054  
125.000000             2.356558             2.356533             0.000024  
