0.000010           249.885742           249.719971             0.164397  
0.000011           236.968018           236.814941             0.153926  
0.000011           236.968018           236.814941             0.153926  
0.000012           231.381592           231.225342             0.157216  
0.000013           223.055664           222.902344             0.152689  
0.000014           214.362915           214.217285             0.145853  
0.000015           200.371460           200.245239             0.126208  
0.000016           198.411865           198.280151             0.131823  
0.000018           186.723877           186.599487             0.123517  
0.000019           183.569702           183.445435             0.124213  
0.000020           176.756958           176.640991             0.116334  
0.000022           172.589355           172.470093             0.119776  
0.000024           162.178772           162.070801             0.107968  
0.000026           155.220154           155.117676             0.102423  
0.000028           149.997620           149.898010             0.099613  
0.000029           149.053650           148.952393             0.101515  
0.000031           142.098511           142.004517             0.093649  
0.000033           138.591675           138.499084             0.092660  
0.000035           135.164673           135.073303             0.091261  
0.000039           128.599121           128.511353             0.087646  
0.000043           121.863831           121.781738             0.082125  
0.000046           118.233185           118.152771             0.080281  
0.000050           112.124207           112.050354             0.074191  
0.000053           110.696075           110.620239             0.075966  
0.000056           106.485382           106.414062             0.071263  
0.000059           102.420837           102.354187             0.066526  
0.000063           101.292633           101.223297             0.069124  
0.000069            95.034210            94.972076             0.062193  
0.000075            92.843994            92.780945             0.063332  
0.000081            88.436218            88.377197             0.058950  
0.000088            86.209305            86.149841             0.059519  
0.000094            82.630783            82.574890             0.055862  
0.000100            79.988876            79.934830             0.053871  
0.000106            77.348984            77.297470             0.051557  
0.000113            74.885117            74.835190             0.049855  
0.000119            73.299393            73.250259             0.049280  
0.000125            71.575302            71.527100             0.048194  
0.000138            68.092575            68.046829             0.045778  
0.000150            65.269836            65.225952             0.043791  
0.000163            62.972763            62.929962             0.042770  
0.000175            60.815811            60.774506             0.041340  
0.000188            58.466499            58.427124             0.039404  
0.000200            56.440384            56.402756             0.037646  
0.000219            54.426140            54.389221             0.037014  
0.000238            51.728600            51.694160             0.034423  
0.000256            50.242241            50.208206             0.033961  
0.000275            48.326530            48.294128             0.032411  
0.000294            46.905800            46.874100             0.031683  
0.000313            45.498779            45.467987             0.030763  
0.000331            43.953148            43.923901             0.029253  
0.000350            42.970798            42.941833             0.028918  
0.000388            40.585163            40.558311             0.026919  
0.000425            38.988434            38.962322             0.026133  
0.000463            37.421200            37.396091             0.025138  
0.000500            35.945427            35.921417             0.024006  
0.000531            34.889854            34.866592             0.023280  
0.000563            33.902519            33.879902             0.022615  
0.000594            33.107033            33.084831             0.022205  
0.000625            32.356075            32.334270             0.021791  
0.000688            30.620916            30.600672             0.020230  
0.000750            29.497215            29.477520             0.019687  
0.000813            28.308001            28.289217             0.018800  
0.000875            27.375389            27.357124             0.018262  
0.000938            26.544247            26.526430             0.017813  
0.001000            25.692051            25.674892             0.017166  
0.001063            24.871014            24.854511             0.016494  
0.001125            24.187088            24.171061             0.016009  
0.001187            23.512665            23.497181             0.015465  
0.001250            23.066120            23.050781             0.015360  
0.001375            21.935661            21.921223             0.014433  
0.001500            21.028442            21.014652             0.013794  
0.001625            20.283829            20.270470             0.013349  
0.001750            19.595779            19.582897             0.012895  
0.001875            18.899563            18.887249             0.012314  
0.002000            18.352648            18.340672             0.011968  
0.002188            17.587900            17.576483             0.011430  
0.002375            16.927074            16.916103             0.010973  
0.002563            16.379488            16.368839             0.010654  
0.002750            15.858296            15.848004             0.010294  
0.002938            15.375732            15.365791             0.009943  
0.003125            14.911195            14.901627             0.009562  
0.003312            14.584517            14.575096             0.009425  
0.003500            14.227377            14.218195             0.009175  
0.003875            13.538039            13.529438             0.008604  
0.004250            12.997111            12.988887             0.008224  
0.004625            12.494330            12.486506             0.007823  
0.005000            12.136320            12.128667             0.007653  
0.005313            11.766724            11.759425             0.007302  
0.005625            11.535444            11.528233             0.007211  
0.005938            11.251424            11.244456             0.006970  
0.006250            11.027269            11.020442             0.006828  
0.006875            10.591217            10.584721             0.006494  
0.007500            10.204730            10.198553             0.006181  
0.008125             9.895649             9.889680             0.005969  
0.008750             9.596049             9.590329             0.005722  
0.009375             9.325479             9.319988             0.005492  
0.010000             9.131284             9.125892             0.005390  
0.010625             8.917613             8.912396             0.005213  
0.011250             8.737253             8.732174             0.005081  
0.011875             8.549743             8.544833             0.004910  
0.012500             8.403575             8.398769             0.004808  
0.013750             8.117528             8.112962             0.004564  
0.015000             7.902897             7.898478             0.004420  
0.016250             7.680176             7.675964             0.004213  
0.017500             7.496408             7.492354             0.004055  
0.018750             7.334976             7.331061             0.003915  
0.020000             7.213887             7.210051             0.003838  
0.021325             7.065031             7.061341             0.003689  
0.022650             6.946726             6.943136             0.003587  
0.023975             6.821167             6.817715             0.003453  
0.025300             6.718771             6.715418             0.003354  
0.026844             6.616940             6.613676             0.003263  
0.028387             6.539085             6.535877             0.003209  
0.029931             6.434603             6.431520             0.003085  
0.031475             6.358724             6.355713             0.003013  
0.034563             6.242198             6.239276             0.002919  
0.037650             6.115353             6.112577             0.002775  
0.040738             6.016373             6.013702             0.002670  
0.043825             5.938663             5.936069             0.002594  
0.046913             5.855916             5.853421             0.002493  
0.050000             5.784813             5.782405             0.002406  
0.053125             5.732948             5.730596             0.002353  
0.056250             5.676530             5.674250             0.002282  
0.059375             5.636268             5.634027             0.002239  
0.062500             5.594005             5.591818             0.002186  
0.068750             5.510458             5.508389             0.002069  
0.075000             5.429818             5.427875             0.001944  
0.081250             5.381221             5.379343             0.001878  
0.087500             5.352359             5.350512             0.001847  
0.093750             5.311180             5.309395             0.001783  
0.100000             5.285015             5.283268             0.001747  
0.106250             5.230524             5.228879             0.001645  
0.112500             5.218348             5.216717             0.001632  
0.118750             5.167563             5.166031             0.001532  
0.125000             5.159264             5.157740             0.001523  
0.137500             5.105411             5.103992             0.001418  
0.150000             5.085274             5.083893             0.001382  
0.162500             5.056821             5.055497             0.001325  
0.175000             5.064595             5.063251             0.001344  
0.187500             5.005136             5.003922             0.001214  
0.200000             5.025763             5.024504             0.001258  
0.218750             4.986413             4.985246             0.001168  
0.237500             4.986963             4.985797             0.001165  
0.256250             4.924736             4.923712             0.001023  
0.275000             4.939298             4.938248             0.001049  
0.293750             4.922027             4.921021             0.001004  
0.312500             4.911688             4.910712             0.000975  
0.331250             4.899546             4.898604             0.000942  
0.350000             4.890223             4.889308             0.000915  
0.387500             4.876376             4.875504             0.000871  
0.425000             4.864089             4.863258             0.000831  
0.500000             4.845375             4.844606             0.000767  
0.625000             4.824213             4.823527             0.000686  
0.750000             4.810093             4.809468             0.000626  
0.875000             4.800005             4.799426             0.000580  
1.000000             4.792440             4.791898             0.000542  
1.250000             4.781840             4.781355             0.000485  
1.500000             4.774763             4.774321             0.000443  
1.750000             4.769705             4.769296             0.000410  
2.000000             4.765913             4.765530             0.000383  
2.375000             4.761719             4.761367             0.000352  
2.750000             4.758666             4.758337             0.000327  
3.125000             4.756342             4.756036             0.000306  
3.500000             4.754518             4.754229             0.000289  
4.250000             4.751830             4.751567             0.000263  
5.000000             4.749946             4.749703             0.000242  
6.250000             4.747804             4.747586             0.000217  
7.500000             4.746369             4.746172             0.000198  
8.750000             4.745343             4.745160             0.000183  
10.000000             4.744572             4.744401             0.000171  
12.500000             4.743489             4.743335             0.000153  
15.000000             4.742760             4.742620             0.000140  
17.500000             4.742235             4.742106             0.000129  
20.000000             4.741839             4.741718             0.000121  
23.750000             4.741396             4.741284             0.000111  
27.500000             4.741067             4.740965             0.000103  
31.250000             4.740814             4.740717             0.000097  
35.000000             4.740611             4.740520             0.000091  
42.500000             4.740303             4.740220             0.000083  
50.000000             4.740075             4.739999             0.000077  
62.500000             4.739799             4.739731             0.000068  
75.000000             4.739596             4.739532             0.000062  
87.500000             4.739432             4.739376             0.000058  
100.000000             4.739296             4.739243             0.000054  
125.000000             2.335632             2.335608             0.000024  
