Uranium
1
238
0.004
3
1852
1 2 102
0.000010	169.882300	35.397710	134.483700
0.000011	164.873300	34.404020	130.468400
0.000011	160.289400	33.496060	126.792500
0.000012	156.073900	32.662320	123.410800
0.000013	152.180100	31.893370	120.286000
0.000014	145.208600	30.519690	114.688200
0.000015	139.132300	29.325990	109.805700
0.000016	133.775300	28.276740	105.497900
0.000018	129.006500	27.345490	101.660300
0.000019	124.726000	26.512090	98.213250
0.000020	120.856100	25.760880	95.094600
0.000022	115.690200	24.761780	90.927870
0.000024	111.153700	23.888290	87.264870
0.000026	107.128900	23.116740	84.011640
0.000028	103.526900	22.429280	81.097090
0.000029	100.278800	21.812090	78.466250
0.000031	97.330700	21.254340	76.075880
0.000033	94.639300	20.747370	73.891460
0.000035	92.169660	20.284190	71.885010
0.000039	87.785990	19.467280	68.318280
0.000043	84.003560	18.768450	65.234700
0.000046	80.697400	18.162800	62.534210
0.000050	77.776060	17.632160	60.143520
0.000053	75.585530	17.237330	58.347830
0.000056	73.583230	16.878940	56.703940
0.000059	71.743930	16.551980	55.191600
0.000063	70.046870	16.252380	53.794150
0.000069	67.013300	15.722200	51.290780
0.000075	64.374810	15.267250	49.107250
0.000081	62.053330	14.872260	47.180780
0.000088	59.990780	14.525900	45.464600
0.000094	58.142900	14.219590	43.923030
0.000100	56.475290	13.946680	42.528340
0.000106	54.960800	13.701940	41.258600
0.000113	53.577640	13.481190	40.096200
0.000119	52.308110	13.281040	39.026830
0.000125	51.137680	13.098750	38.038690
0.000138	49.047700	12.778920	36.268550
0.000150	47.232300	12.507510	34.724570
0.000163	45.636910	12.274340	33.362360
0.000175	44.220950	12.071900	32.148850
0.000188	42.953540	11.894540	31.058800
0.000200	41.810730	11.737930	30.072610
0.000219	40.289820	11.534640	28.755000
0.000238	38.958700	11.361840	27.596680
0.000256	37.781330	11.213230	26.567940
0.000275	36.730570	11.084110	25.646290
0.000294	35.785460	10.970940	24.814360
0.000313	34.929590	10.870970	24.058470
0.000331	34.149890	10.782030	23.367710
0.000350	33.435790	10.702430	22.733220
0.000388	32.171420	10.565940	21.605340
0.000425	31.083610	10.453240	20.630240
0.000463	30.135040	10.358640	19.776280
0.000500	29.298550	10.278130	19.020300
0.000531	28.672250	10.219680	18.452460
0.000563	28.100440	10.167700	17.932630
0.000594	27.575680	10.121170	17.454400
0.000625	27.091900	10.079290	17.012510
0.000688	26.227940	10.006930	16.220910
0.000750	25.477170	9.946613	15.530460
0.000813	24.816980	9.895573	14.921310
0.000875	24.230580	9.851821	14.378670
0.000938	23.705230	9.813901	13.891250
0.001000	23.231080	9.780719	13.450280
0.001063	22.800340	9.751440	13.048820
0.001125	22.406800	9.725413	12.681310
0.001187	22.045410	9.702125	12.343210
0.001250	21.712040	9.681164	12.030800
0.001375	21.116200	9.644958	11.471170
0.001500	20.597880	9.614783	10.983030
0.001625	20.141670	9.589248	10.552360
0.001750	19.736120	9.567358	10.168690
0.001875	19.372510	9.548384	9.824063
0.002000	19.044110	9.531780	9.512267
0.002188	18.606180	9.510429	9.095695
0.002375	18.222000	9.492444	8.729502
0.002563	17.881440	9.477088	8.404303
0.002750	17.576860	9.463822	8.112988
0.002938	17.302350	9.452246	7.850060
0.003125	17.053290	9.442056	7.611185
0.003312	16.825960	9.433017	7.392900
0.003500	16.617390	9.424943	7.192398
0.003875	16.247110	9.411133	6.835938
0.004250	15.927490	9.399750	6.527696
0.004625	15.647950	9.390205	6.257710
0.005000	15.400830	9.382083	6.018711
0.005313	15.215460	9.376186	5.839235
0.005625	15.045950	9.370938	5.674977
0.005938	14.890180	9.366239	5.523905
0.006250	14.746370	9.362005	5.384333
0.006875	14.489020	9.354680	5.134306
0.007500	14.264750	9.348562	4.916153
0.008125	14.067010	9.343371	4.723609
0.008750	13.890990	9.338910	4.552054
0.009375	13.733030	9.335032	4.397974
0.010000	13.590290	9.331628	4.258633
0.010625	13.460490	9.328614	4.131855
0.011250	13.341830	9.325925	4.015879
0.011875	13.232790	9.323510	3.909253
0.012500	13.132110	9.321328	3.810760
0.013750	12.951830	9.317535	3.634274
0.015000	12.794550	9.314345	3.480179
0.016250	12.655770	9.311619	3.344132
0.017500	12.532210	9.309258	3.222936
0.018750	12.421320	9.307188	3.114109
0.020000	12.321070	9.305355	3.015693
0.021325	12.224650	9.303625	2.921006
0.022650	12.136880	9.302075	2.834791
0.023975	12.056570	9.300676	2.755880
0.025300	11.982760	9.299405	2.683338
0.026844	11.903900	9.298058	2.605824
0.028387	11.831670	9.296835	2.534820
0.031475	11.703370	9.294684	2.408671
0.034563	11.592370	9.292841	2.299510
0.037650	11.495290	9.291229	2.204047
0.040738	11.409530	9.289796	2.119717
0.043825	11.333040	9.288505	2.044521
0.046913	11.264260	9.287326	1.976925
0.050000	11.201990	9.286239	1.915735
0.053125	11.144580	9.285216	1.859354
0.056250	11.092060	9.284258	1.807791
0.059375	11.043840	9.283354	1.760470
0.062500	10.999400	9.282498	1.716896
0.068750	10.919640	9.280897	1.638736
0.075000	10.849770	9.279417	1.570338
0.081250	10.788090	9.278029	1.510051
0.087500	10.733140	9.276713	1.456416
0.093750	10.683760	9.275454	1.408299
0.100000	10.639070	9.274242	1.364821
0.106250	10.598360	9.273068	1.325288
0.112500	10.561080	9.271926	1.289142
0.118750	10.526790	9.270810	1.255967
0.125000	10.495240	9.269717	1.225518
0.137500	10.438470	9.267586	1.170882
0.150000	10.388620	9.265512	1.123099
0.162500	10.344540	9.263481	1.081050
0.175000	10.305180	9.261483	1.043691
0.187500	10.269740	9.259511	1.010223
0.200000	10.237700	9.257559	0.980136
0.218750	10.194680	9.254661	0.940010
0.237500	10.156550	9.251789	0.904756
0.256250	10.122520	9.248936	0.873578
0.275000	10.091870	9.246096	0.845765
0.293750	10.064040	9.243265	0.820769
0.312500	10.038600	9.240440	0.798157
0.331250	10.015210	9.237619	0.777589
0.350000	9.993710	9.234799	0.758906
0.387500	9.954973	9.229158	0.725811
0.425000	9.920872	9.223509	0.697359
0.500000	9.863374	9.212161	0.651208
0.625000	9.788417	9.193033	0.595380
0.750000	9.729579	9.173563	0.556013
0.875000	9.680883	9.153689	0.527191
1.000000	9.638913	9.133375	0.505535
1.250000	9.567794	9.091282	0.476509
1.500000	9.507425	9.046963	0.460460
1.750000	9.453566	9.000046	0.453518
2.000000	9.403903	8.950135	0.453765
2.224624	9.361946	8.902017	0.459926
2.449247	9.321544	8.850766	0.470776
2.673870	9.282470	8.796169	0.486298
2.898493	9.244682	8.737588	0.507092
3.258826	9.187640	8.631004	0.556634
3.438993	9.160921	8.571753	0.589166
3.619159	9.136571	8.506384	0.630185
3.799326	9.113673	8.437475	0.676196
3.979492	9.095707	8.359738	0.735966
4.159659	9.087702	8.273080	0.814620
4.249742	9.092702	8.226591	0.866108
4.272263	9.099576	8.214506	0.885068
4.294784	9.115283	8.202162	0.913118
4.306045	9.130999	8.195905	0.935091
4.317305	9.157825	8.189597	0.968226
4.328565	9.203725	8.183237	1.020485
4.339825	9.279160	8.176826	1.102331
4.346552	9.342532	8.172972	1.169558
4.353279	9.421118	8.169098	1.252017
4.366733	9.619694	8.161294	1.458398
4.380187	9.843076	8.153413	1.689661
4.386914	9.944337	8.149443	1.794892
4.393641	10.025890	8.145454	1.880429
4.400561	10.080220	8.141329	1.938886
4.407480	10.098310	8.137184	1.961121
4.413193	10.084290	8.133746	1.950545
4.418905	10.045290	8.130293	1.914991
4.430329	9.906774	8.123343	1.783428
4.451890	9.558921	8.110063	1.448856
4.462671	9.408761	8.103340	1.305418
4.473451	9.295630	8.096562	1.199066
4.480260	9.243199	8.092251	1.150945
4.487069	9.203444	8.087918	1.115523
4.500687	9.152640	8.079183	1.073454
4.514305	9.126050	8.070355	1.055693
4.527922	9.111937	8.061430	1.050505
4.557427	9.098733	8.041738	1.056993
4.586932	9.094482	8.021563	1.072917
4.645942	9.094634	7.979851	1.114781
4.763961	9.112222	7.888855	1.223363
4.881981	9.143373	7.789143	1.354227
5.000000	9.191631	7.677748	1.513880
5.103829	9.253612	7.567614	1.685995
5.207657	9.340321	7.443727	1.896590
5.311485	9.460351	7.303439	2.156909
5.415313	9.626918	7.142977	2.483937
5.519141	9.856762	6.958333	2.898425
5.571055	10.004190	6.854977	3.149206
5.622969	10.182720	6.741960	3.440754
5.674883	10.397600	6.618609	3.778991
5.726797	10.657640	6.483463	4.174175
5.778711	10.974650	6.334692	4.639950
5.830625	11.364410	6.170070	5.194337
5.879295	11.814900	5.998922	5.815970
5.927964	12.372320	5.808696	6.563616
5.976634	13.069400	5.596074	7.473319
6.025303	13.947640	5.357497	8.590136
6.073973	15.075170	5.087559	9.987601
6.098308	15.765890	4.938333	10.827550
6.122642	16.562590	4.778360	11.784220
6.146977	17.485810	4.606615	12.879180
6.171312	18.562010	4.421897	14.140100
6.195647	19.825360	4.222812	15.602540
6.219981	21.320100	4.007804	17.312280
6.245938	23.235320	3.758948	19.476360
6.271895	25.574350	3.487744	22.086590
6.297852	28.465680	3.191889	25.273770
6.323809	32.090250	2.869224	29.221000
6.349766	36.717220	2.518042	34.199160
6.362745	39.528640	2.331533	37.197080
6.375723	42.761510	2.137982	40.623500
6.388702	46.505180	1.937911	44.567240
6.401680	50.871880	1.732419	49.139430
6.414659	56.007960	1.523316	54.484620
6.427637	62.104790	1.313673	60.791080
6.437574	67.581140	1.155746	66.425360
6.447511	73.925380	1.003664	72.921680
6.457448	81.339440	0.862332	80.477060
6.467384	90.092390	0.739059	89.353290
6.472353	95.082830	0.687439	94.395340
6.477321	100.556700	0.644925	99.911750
6.482290	106.587400	0.613903	105.973400
6.487258	113.258600	0.597456	112.661100
6.492227	120.679000	0.599537	120.079400
6.494711	124.708700	0.609080	124.099500
6.497195	128.976800	0.625304	128.351500
6.499679	133.505200	0.649108	132.856000
6.502163	138.318000	0.681530	137.636400
6.504647	143.442800	0.723763	142.719000
6.507131	148.910600	0.777184	148.133300
6.510376	156.629000	0.866498	155.762400
6.513621	165.083400	0.981841	164.101500
6.516866	174.380500	1.128283	173.252100
6.520110	184.642600	1.311882	183.330600
6.523355	196.024400	1.540134	194.484100
6.526599	208.693800	1.821782	206.871900
6.529844	222.864600	2.167671	220.696800
6.533088	238.770000	2.590351	236.179600
6.535319	250.863200	2.933459	247.929600
6.537550	264.016500	3.325772	260.690600
6.539781	278.346400	3.773689	274.572600
6.542011	293.974100	4.284123	289.689800
6.544242	311.055700	4.865514	306.190100
6.546472	329.732100	5.526208	324.205800
6.548703	350.191500	6.276626	343.914800
6.550933	372.602900	7.126940	365.475800
6.552961	394.857900	7.997254	386.860400
6.554989	419.068600	8.970075	410.098400
6.557017	445.413100	10.055990	435.356900
6.559045	474.081300	11.266410	462.814700
6.561073	505.275900	12.613600	492.662000
6.563101	539.211200	14.110680	525.100300
6.565129	576.113900	15.771630	560.342000
6.567156	616.201100	17.610290	598.590600
6.569184	659.760800	19.644100	640.116400
6.571212	707.032000	21.888610	685.143100
6.573240	758.281300	24.360930	733.920100
6.575268	813.781900	27.078810	786.702700
6.579324	938.653000	33.324980	905.327600
6.583379	1083.851000	40.776000	1043.075000
6.587841	1269.767000	50.551380	1219.215000
6.592302	1485.648000	62.167370	1423.480000
6.596764	1733.872000	75.809060	1658.062000
6.601225	2015.950000	91.618100	1924.331000
6.605687	2332.723000	109.701600	2223.020000
6.610148	2683.601000	130.087300	2553.512000
6.614610	3066.907000	152.740100	2914.165000
6.619071	3479.060000	177.511800	3301.547000
6.629616	4535.425000	242.891100	4292.532000
6.640161	5617.140000	312.938000	5304.200000
6.649084	6446.245000	369.633000	6076.609000
6.658006	7096.478000	417.706900	6678.768000
6.665748	7452.117000	448.150000	7003.964000
6.673490	7576.036000	465.252000	7110.781000
6.675020	7571.610000	466.907500	7104.699000
6.680086	7488.991000	468.222300	7020.765000
6.685152	7305.594000	463.217000	6842.374000
6.690218	7029.705000	452.224900	6577.477000
6.695283	6673.427000	435.833300	6237.591000
6.705789	5744.443000	388.186400	5356.254000
6.716295	4684.764000	329.378400	4355.383000
6.726802	3636.547000	268.144200	3368.401000
6.732056	3151.572000	238.902100	2912.668000
6.737309	2705.286000	211.470400	2493.814000
6.742563	2302.911000	186.271200	2116.639000
6.747816	1947.098000	163.569800	1783.528000
6.753069	1637.808000	143.459900	1494.347000
6.758322	1373.144000	125.912000	1247.232000
6.762859	1177.973000	112.721600	1065.251000
6.767396	1010.990000	101.224100	909.765300
6.771933	869.263700	91.271500	777.991900
6.776470	749.778400	82.703400	667.074700
6.781007	649.577100	75.356610	574.220300
6.785544	565.868000	69.072410	496.795400
6.790081	496.093600	63.701820	432.391600
6.794617	437.982200	59.109860	378.872100
6.799154	389.513600	55.173430	334.340100
6.803691	348.992000	51.787880	297.204000
6.808228	314.975300	48.862410	266.112800
6.812765	286.264500	46.320220	239.944200
6.817302	261.874500	44.097060	217.777300
6.821839	241.003900	42.139730	198.864100
6.826376	223.006000	40.404490	182.601400
6.830912	207.364900	38.855920	168.508900
6.838076	186.475700	36.720650	149.755000
6.845239	169.214400	34.890410	134.323900
6.852403	154.708500	33.300200	121.408300
6.859566	142.346400	31.903140	110.443200
6.866730	131.680200	30.663590	101.016600
6.873893	122.386200	29.555150	92.830980
6.888220	106.982200	27.652440	79.329750
6.902547	94.760520	26.075270	68.685230
6.916874	84.855300	24.744720	60.110570
6.931201	76.689450	23.606130	53.083300
6.945528	69.862410	22.620320	47.242070
6.966541	61.690050	21.392030	40.298010
6.987554	55.162170	20.365500	34.796650
7.008567	49.855600	19.494920	30.360670
7.029580	45.476950	18.747350	26.729590
7.050593	41.817320	18.098550	23.718760
7.071606	38.724730	17.530320	21.194400
7.092619	36.085910	17.028690	19.057220
7.113632	33.813990	16.582550	17.231430
7.134645	31.840830	16.182950	15.657880
7.155658	30.113190	15.822670	14.290520
7.176671	28.590060	15.496050	13.094020
7.197684	27.239790	15.198610	12.041180
7.239710	24.961000	14.677240	10.283760
7.281736	23.121570	14.235410	8.886159
7.323762	21.612830	13.856160	7.756667
7.365788	20.357850	13.526980	6.830876
7.407814	19.301130	13.238460	6.062661
7.449840	18.401830	12.983460	5.418367
7.501418	17.470080	12.708430	4.761647
7.552995	16.691930	12.468060	4.223863
7.604572	16.044070	12.254550	3.789519
7.656149	15.513930	12.063670	3.450261
7.675290	15.327480	11.998240	3.329240
7.730944	14.781630	11.822630	2.958996
7.786597	14.313640	11.665530	2.648104
7.842251	13.924470	11.522900	2.401573
7.897904	13.584200	11.392970	2.191231
7.953558	13.283090	11.274310	2.008782
8.009211	13.014760	11.165460	1.849305
8.120518	12.557510	10.972420	1.585094
8.201842	12.276930	10.848610	1.428316
8.283166	12.032040	10.736740	1.295298
8.364490	11.816850	10.635130	1.181717
8.445813	11.628710	10.543160	1.085546
8.527137	11.458180	10.457600	1.000574
8.608461	11.304690	10.378450	0.926234
8.771108	11.039690	10.236280	0.803407
8.933756	10.818890	10.111710	0.707175
9.096403	10.631710	10.001020	0.630690
9.259051	10.470720	9.901451	0.569272
9.421698	10.330660	9.810920	0.519736
9.548202	10.233840	9.745699	0.488141
9.674706	10.146600	9.684314	0.462283
9.801210	10.069400	9.626220	0.443176
9.864462	10.034960	9.598134	0.436827
9.927713	10.006230	9.570797	0.435433
9.963857	9.993895	9.555490	0.438404
10.000000	9.986880	9.540378	0.446501
10.021370	9.987364	9.531532	0.455831
10.042740	9.994589	9.522753	0.471835
10.053430	10.002660	9.518386	0.484272
10.064110	10.015700	9.514040	0.501658
10.074790	10.036370	9.509710	0.526662
10.085470	10.068820	9.505396	0.563427
10.091260	10.093440	9.503064	0.590374
10.097050	10.124590	9.500737	0.623855
10.102840	10.163830	9.498415	0.665412
10.108620	10.212840	9.496101	0.716743
10.114410	10.273850	9.493788	0.780057
10.120200	10.349000	9.491480	0.857521
10.125990	10.440700	9.489177	0.951521
10.131770	10.551160	9.486882	1.064280
10.137560	10.683120	9.484589	1.198533
10.143350	10.838500	9.482301	1.356195
10.149140	11.018920	9.480018	1.538900
10.154920	11.224960	9.477745	1.747216
10.160710	11.457380	9.475472	1.981908
10.166490	11.714290	9.473208	2.241078
10.178060	12.292240	9.468691	2.823547
10.194080	13.166720	9.462467	3.704256
10.210100	13.976120	9.456270	4.519846
10.219720	14.348780	9.452559	4.896223
10.229340	14.589080	9.448854	5.140228
10.239400	14.671030	9.444984	5.226044
10.249260	14.573900	9.441195	5.132703
10.259120	14.311810	9.437412	4.874401
10.271440	13.797430	9.432692	4.364734
10.283760	13.152610	9.427984	3.724622
10.298140	12.354450	9.422508	2.931943
10.305330	11.973640	9.419778	2.553862
10.312510	11.620820	9.417059	2.203760
10.319700	11.302260	9.414343	1.887912
10.326890	11.022400	9.411634	1.610770
10.334080	10.782300	9.408931	1.373365
10.341260	10.580890	9.406239	1.174651
10.345880	10.470240	9.404510	1.065728
10.350500	10.373220	9.402784	0.970437
10.355120	10.288690	9.401060	0.887629
10.359740	10.215440	9.399339	0.816100
10.364360	10.152260	9.397621	0.754641
10.368980	10.097970	9.395904	0.702067
10.373600	10.051450	9.394191	0.657254
10.378220	10.011640	9.392479	0.619157
10.387460	9.948452	9.389064	0.559388
10.396700	9.901956	9.385657	0.516299
10.405940	9.867214	9.382258	0.484955
10.415180	9.840626	9.378868	0.461757
10.434690	9.800866	9.371737	0.429129
10.454200	9.773291	9.364642	0.408649
10.493210	9.734146	9.350558	0.383587
10.532220	9.704745	9.336608	0.368137
10.571230	9.680034	9.322783	0.357250
10.649260	9.637892	9.295508	0.342383
10.727280	9.600921	9.268678	0.332242
10.883330	9.534486	9.216122	0.318363
11.039380	9.477248	9.164920	0.312327
11.105090	9.459595	9.143703	0.315891
11.137940	9.457916	9.133176	0.324739
11.154370	9.463015	9.127929	0.335085
11.170790	9.476842	9.122697	0.354143
11.183110	9.496797	9.118779	0.378017
11.195430	9.529038	9.114868	0.414169
11.201590	9.551070	9.112914	0.438155
11.207750	9.577731	9.110963	0.466767
11.213910	9.609468	9.109012	0.500455
11.220070	9.646625	9.107064	0.539560
11.232390	9.737723	9.103171	0.634551
11.244710	9.849706	9.099284	0.750421
11.269350	10.107460	9.091528	1.015934
11.282700	10.236220	9.087335	1.148883
11.296050	10.331150	9.083147	1.248007
11.304880	10.366590	9.080380	1.286206
11.313700	10.376300	9.077618	1.298681
11.323450	10.355980	9.074568	1.281413
11.333200	10.304830	9.071520	1.233306
11.341200	10.243090	9.069021	1.174069
11.349200	10.167550	9.066524	1.101025
11.365190	9.992868	9.061539	0.931328
11.387180	9.753489	9.054696	0.698792
11.398170	9.651939	9.051281	0.600657
11.409160	9.567490	9.047871	0.519618
11.420160	9.500378	9.044462	0.455915
11.431150	9.449115	9.041059	0.408055
11.442140	9.411003	9.037660	0.373342
11.453130	9.383123	9.034265	0.348857
11.467130	9.358196	9.029944	0.328251
11.481120	9.341057	9.025633	0.315424
11.509100	9.318864	9.017025	0.301838
11.565070	9.290872	8.999869	0.291003
11.677000	9.248086	8.965761	0.282324
11.900860	9.173184	8.898228	0.274956
12.348580	9.032811	8.764175	0.268635
12.892250	8.870044	8.600367	0.269675
13.435920	8.709492	8.431341	0.278150
13.979590	8.546733	8.252831	0.293901
14.523260	8.378046	8.060239	0.317805
15.066930	8.199886	7.848095	0.351790
15.338770	8.106795	7.733969	0.372824
15.610600	8.010007	7.612310	0.397695
15.882440	7.908505	7.480796	0.427707
16.154270	7.802278	7.338886	0.463390
16.426100	7.690830	7.184729	0.506099
16.697930	7.573718	7.016060	0.557656
16.953780	7.458027	6.841573	0.616451
17.209620	7.336958	6.648883	0.688073
17.465470	7.210776	6.434310	0.776463
17.721310	7.080416	6.193190	0.887222
17.977160	6.947895	5.920496	1.027395
18.105080	6.882027	5.770045	1.111978
18.233000	6.817498	5.607489	1.210005
18.360920	6.755545	5.432194	1.323346
18.488840	6.697896	5.242522	1.455369
18.616760	6.646996	5.036535	1.610456
18.744680	6.606348	4.811959	1.794383
18.836630	6.586229	4.637562	1.948661
18.928570	6.576629	4.451070	2.125552
19.020510	6.581095	4.251214	2.329874
19.112450	6.604711	4.036558	2.568145
19.204400	6.654528	3.805877	2.848642
19.296340	6.751057	3.558176	3.192870
19.342310	6.861136	3.426815	3.434311
19.365300	6.964183	3.359109	3.605063
19.388280	7.125585	3.290074	3.835500
19.411270	7.365405	3.219626	4.145769
19.434250	7.688426	3.147795	4.540620
19.480220	8.446028	2.999724	5.446292
19.499090	8.693708	2.937203	5.756492
19.517950	8.841064	2.873678	5.967373
19.523700	8.862089	2.854102	6.007974
19.536720	8.867051	2.809412	6.057626
19.549730	8.816528	2.764248	6.052266
19.593300	8.394210	2.609263	5.784934
19.618720	8.128192	2.516161	5.612017
19.644140	7.948631	2.421081	5.527535
19.669560	7.877173	2.324034	5.553123
19.694980	7.898459	2.225037	5.673405
19.745820	8.115285	2.021294	6.093974
19.796650	8.459680	1.810200	6.649461
19.847490	8.899666	1.592316	7.307330
19.898330	9.446368	1.368919	8.077426
19.949170	10.124600	1.142102	8.982472
20.000000	10.968870	0.915238	10.053600
20.056780	12.166680	0.668158	11.498490
20.085170	12.893170	0.550428	12.342710
20.113560	13.724880	0.439250	13.285590
20.141950	14.681560	0.337415	14.344110
20.156150	15.214370	0.291081	14.923250
20.170340	15.787560	0.248556	15.538960
20.184540	16.405850	0.210405	16.195410
20.198730	17.072730	0.177400	16.895280
20.212920	17.793450	0.150332	17.643070
20.220020	18.175950	0.139307	18.036600
20.227110	18.573460	0.130144	18.443260
20.235880	19.087810	0.121572	18.966180
20.244650	19.628710	0.116326	19.512330
20.253420	20.197890	0.114719	20.083110
20.262180	20.796490	0.117090	20.679340
20.268450	21.244510	0.121434	21.123010
20.274710	21.708980	0.128143	21.580780
20.281810	22.257600	0.138820	22.118720
20.288900	22.829830	0.152975	22.676790
20.296000	23.428660	0.170918	23.257680
20.303100	24.054800	0.192921	23.861820
20.310200	24.709840	0.219301	24.490470
20.317290	25.394490	0.250351	25.144080
20.324390	26.112530	0.286529	25.825940
20.331490	26.864990	0.328199	26.536730
20.338590	27.654010	0.375796	27.278140
20.345680	28.480680	0.429717	28.050890
20.352780	29.349830	0.490632	28.859120
20.359880	30.262990	0.559035	29.703880
20.366980	31.223080	0.635544	30.587460
20.374070	32.231790	0.720707	31.511000
20.384090	33.749170	0.857440	32.891640
20.394110	35.383790	1.015472	34.368220
20.404130	37.147660	1.197461	35.950110
20.414150	39.054420	1.406454	37.647870
20.424170	41.119560	1.645959	39.473500
20.434190	43.360760	1.920027	41.440630
20.444210	45.798340	2.233361	43.564870
20.454220	48.452920	2.591066	45.861740
20.463410	51.106260	2.964266	48.141870
20.472590	53.988220	3.385839	50.602250
20.481780	57.133170	3.863512	53.269520
20.490960	60.567060	4.404295	56.162620
20.500150	64.335860	5.018908	59.316800
20.509330	68.477050	5.717484	62.759400
20.518520	73.054400	6.515457	66.538770
20.527700	78.124460	7.428221	70.696060
20.536890	83.780080	8.479112	75.300770
20.546070	90.110830	9.692810	80.417820
20.555260	97.259680	11.106630	86.152830
20.564440	105.376600	12.762560	92.613840
20.573630	114.695200	14.723780	99.971190
20.582810	125.478900	17.065360	108.413300
20.592000	138.128600	19.899250	118.229000
20.601180	153.120000	23.363360	129.756300
20.607030	164.201200	25.987730	138.213200
20.612870	176.703600	29.005140	147.698100
20.618720	190.932500	32.502890	158.429200
20.624560	207.152600	36.561320	170.590900
20.630410	225.793800	41.305140	184.488200
20.636250	247.235200	46.849830	200.384800
20.642100	272.073600	53.370730	218.702300
20.647940	300.836200	61.029110	239.806500
20.653790	334.335100	70.066130	264.268300
20.659630	373.277700	80.699350	292.577600
20.665480	418.739800	93.251180	325.487800
20.671320	471.631300	108.003200	363.627200
20.677170	533.330600	125.372100	407.957600
20.683010	604.950400	145.704600	459.244700
20.688850	688.034300	169.473900	518.559200
20.694690	784.142100	197.162600	586.978100
20.699290	870.093100	222.067500	648.024100
20.703880	965.771600	249.921700	715.848200
20.708470	1072.207000	281.043800	791.161300
20.713060	1190.257000	315.704400	874.550600
20.717660	1321.068000	354.260600	966.805300
20.722250	1464.895000	396.808000	1068.084000
20.726840	1622.784000	443.676700	1179.105000
20.731430	1795.447000	495.098800	1300.345000
20.740620	2187.933000	612.535800	1575.393000
20.749800	2644.984000	750.080000	1894.899000
20.758990	3168.489000	908.477000	2260.007000
20.768170	3754.839000	1086.814000	2668.019000
20.779030	4521.176000	1321.208000	3199.961000
20.789880	5347.349000	1575.477000	3771.864000
20.811590	7063.716000	2109.249000	4954.455000
20.827460	8224.965000	2475.984000	5748.968000
20.843320	9154.826000	2775.873000	6378.938000
20.854320	9599.086000	2924.261000	6674.809000
20.865320	9843.752000	3012.472000	6831.264000
20.871500	9886.876000	3033.336000	6853.524000
20.882980	9783.499000	3015.819000	6767.664000
20.894460	9450.627000	2927.321000	6523.291000
20.910590	8647.058000	2697.756000	5949.288000
20.926720	7556.765000	2376.509000	5180.245000
20.952530	5563.062000	1776.946000	3786.108000
20.965430	4592.762000	1481.317000	3111.437000
20.978330	3706.271000	1209.235000	2497.030000
20.989620	3022.267000	997.906000	2024.356000
21.000910	2433.702000	814.932500	1618.766000
21.006560	2175.491000	734.266800	1441.221000
21.012200	1941.320000	660.866100	1280.451000
21.017850	1729.500000	594.239800	1135.258000
21.023490	1539.672000	534.312900	1005.357000
21.029140	1369.863000	480.499800	889.361200
21.034780	1219.248000	432.575800	786.670400
21.040430	1085.789000	389.927800	695.859400
21.046070	968.428900	352.252800	616.174700
21.051720	865.229500	318.961800	546.266400
21.057360	775.079300	289.729000	485.349200
21.063010	696.245600	264.023500	432.221200
21.068650	627.682800	241.534400	386.147500
21.073490	575.981300	224.476400	351.504000
21.078330	530.115600	209.257500	320.857300
21.083170	489.430100	195.676600	293.752800
21.088010	453.326900	183.549700	269.776600
21.097690	392.757300	163.006000	229.750800
21.107360	344.757600	146.497000	198.260100
21.117040	306.308900	133.078200	173.230400
21.126720	275.199700	122.057000	153.142300
21.136400	249.699000	112.886800	136.811900
21.146070	228.522000	105.159800	123.361900
21.155750	210.649400	98.547300	112.101900
21.165430	195.378300	92.823030	102.555100
21.175110	182.167200	87.810380	94.356640
21.184780	170.622400	83.380370	87.241790
21.204140	151.324000	75.863070	75.460770
21.223490	135.818800	69.711650	66.107040
21.241240	124.031400	64.960710	59.070570
21.258980	114.032900	60.874420	53.158320
21.276720	105.445100	57.318650	48.126310
21.294460	97.995830	54.195930	43.799800
21.312200	91.479860	51.432000	40.047770
21.329940	85.738860	48.969020	36.769770
21.365420	76.109100	44.771330	31.337700
21.400910	68.374930	41.329960	27.044910
21.436390	62.054470	38.462650	23.591770
21.471870	56.809420	36.039200	20.770180
21.507350	52.400710	33.966390	18.434280
21.539610	48.969500	32.327310	16.642150
21.571870	45.983470	30.880160	15.103280
21.604130	43.363510	29.592810	13.770670
21.636390	41.047650	28.439820	12.607810
21.668650	38.987710	27.401230	11.586460
21.700910	37.145850	26.461220	10.684610
21.765420	33.999800	24.827710	9.172071
21.829940	31.419860	23.458040	7.961803
21.894450	29.272940	22.294240	6.978681
21.958970	27.462130	21.293220	6.168898
22.023480	25.917650	20.423520	5.494124
22.081550	24.711340	19.732830	4.978501
22.139610	23.649580	19.115700	4.533870
22.197680	22.710160	18.561700	4.148457
22.255740	21.873960	18.061660	3.812288
22.371870	20.441140	17.188860	3.252272
22.487990	19.261100	16.452940	2.808156
22.604120	18.277080	15.825420	2.451654
22.720250	17.445020	15.283680	2.161343
22.836380	16.732660	14.810780	1.921877
22.952500	16.116130	14.394000	1.722131
23.100890	15.439380	13.927600	1.511783
23.249280	14.861690	13.521270	1.340421
23.397670	14.362520	13.163410	1.199108
23.546050	13.928030	12.846140	1.081894
23.694440	13.547280	12.563040	0.984235
23.842820	13.204480	12.304230	0.900245
23.991210	12.899190	12.067400	0.831786
24.028310	12.832850	12.011190	0.821667
24.065400	12.776600	11.956340	0.820257
24.139590	12.699330	11.850410	0.848919
24.165400	12.674000	11.814640	0.859363
24.199830	12.627080	11.767750	0.859329
24.202700	12.622230	11.763880	0.858347
24.205580	12.617210	11.760010	0.857199
24.213240	12.603100	11.749730	0.853364
24.220890	12.587950	11.739520	0.848429
24.236190	12.554760	11.719220	0.835543
24.290470	12.420400	11.648570	0.771836
24.344740	12.295680	11.580000	0.715684
24.399010	12.195950	11.513370	0.682577
24.453280	12.110540	11.448410	0.662128
24.670370	11.805860	11.202790	0.603076
24.887460	11.534970	10.979000	0.555966
25.104540	11.293420	10.775390	0.518030
25.321630	11.066660	10.582030	0.484632
25.538720	10.860340	10.402880	0.457460
25.972890	10.487630	10.072310	0.415322
26.412570	10.154460	9.767777	0.386684
26.632410	9.999858	9.623247	0.376611
26.742330	9.925564	9.552304	0.373260
26.797290	9.890923	9.517300	0.373622
26.852240	9.863614	9.482529	0.381084
26.874230	9.857561	9.468674	0.388887
26.896210	9.855894	9.454860	0.401034
26.918190	9.859248	9.441080	0.418167
26.940170	9.867263	9.427334	0.439928
26.962160	9.878133	9.413615	0.464517
26.993760	9.891876	9.393954	0.497921
27.025360	9.892290	9.374354	0.517936
27.039600	9.885476	9.365539	0.519936
27.065170	9.861232	9.349740	0.511492
27.086280	9.831182	9.336722	0.494459
27.107380	9.795370	9.323734	0.471635
27.141380	9.734949	9.302854	0.432094
27.175370	9.681601	9.282036	0.399564
27.209370	9.639834	9.261265	0.378569
27.243360	9.607850	9.240549	0.367301
27.311350	9.558530	9.199246	0.359283
27.379330	9.515044	9.158130	0.356914
27.651270	9.348371	8.994678	0.353693
28.213930	9.015357	8.658813	0.356544
28.776590	8.687959	8.318465	0.369493
29.339250	8.357907	7.964891	0.393015
29.901910	8.017680	7.588978	0.428702
30.183240	7.842978	7.392216	0.450762
30.464570	7.662050	7.184028	0.478021
30.745900	7.475031	6.964809	0.510221
31.027230	7.281025	6.732796	0.548229
31.308560	7.079138	6.485956	0.593181
31.589890	6.868515	6.221962	0.646553
31.871220	6.648410	5.938131	0.710278
32.152540	6.418294	5.631370	0.786923
32.415120	6.194311	5.321112	0.873199
32.677690	5.961914	4.984228	0.977685
32.940270	5.722573	4.617146	1.105426
33.202840	5.479314	4.219088	1.260225
33.465420	5.237016	3.779068	1.457946
33.596710	5.119354	3.542917	1.576436
33.727990	5.006478	3.295313	1.711163
33.859280	4.901023	3.035780	1.865242
33.990560	4.806599	2.764075	2.042522
34.121850	4.728083	2.480150	2.247931
34.253130	4.672192	2.184479	2.487711
34.365670	4.649224	1.922484	2.726738
34.478200	4.657568	1.654034	3.003532
34.590730	4.707858	1.381341	3.326515
34.703260	4.814116	1.107884	3.706229
34.815800	4.992775	0.838573	4.154199
34.928330	5.270094	0.581528	4.688562
34.984600	5.459202	0.461564	4.997634
35.040860	5.689975	0.350148	5.339823
35.069000	5.823310	0.298464	5.524842
35.097130	5.969951	0.250029	5.719917
35.125260	6.131141	0.205283	5.925854
35.153390	6.308205	0.164740	6.143461
35.168630	6.411272	0.144731	6.266537
35.183870	6.519676	0.126223	6.393448
35.199110	6.633681	0.109324	6.524353
35.214350	6.753570	0.094146	6.659420
35.229590	6.879641	0.080811	6.798825
35.244830	7.012210	0.069449	6.942756
35.260070	7.151614	0.060199	7.091411
35.267690	7.223989	0.056411	7.167574
35.275300	7.298110	0.053211	7.244895
35.284680	7.392072	0.050098	7.341970
35.294060	7.488994	0.047939	7.441051
35.303440	7.588973	0.046775	7.542193
35.312810	7.691995	0.046648	7.645343
35.319850	7.771534	0.047260	7.724269
35.326880	7.852838	0.048498	7.804335
35.333910	7.936064	0.050382	7.885676
35.340940	8.021260	0.052934	7.968322
35.349150	8.123318	0.056786	8.066527
35.357360	8.228212	0.061612	8.166595
35.365570	8.336025	0.067448	8.268572
35.373770	8.446709	0.074322	8.372381
35.383740	8.585453	0.084143	8.501304
35.393700	8.728783	0.095628	8.633150
35.403660	8.877011	0.108860	8.768145
35.413620	9.030318	0.123921	8.906391
35.423590	9.189054	0.140911	9.048137
35.433550	9.353099	0.159884	9.193209
35.443510	9.522815	0.180949	9.341860
35.453470	9.698418	0.204201	9.494211
35.464030	9.891279	0.231355	9.659918
35.474580	10.091100	0.261179	9.829914
35.485130	10.298350	0.293831	10.004510
35.495680	10.513340	0.329449	10.183890
35.516780	10.967860	0.410187	10.557670
35.537880	11.457440	0.504673	10.952760
35.558980	11.985180	0.614335	11.370830
35.580080	12.554490	0.740765	11.813720
35.601180	13.169190	0.885746	12.283430
35.622280	13.833490	1.051271	12.782210
35.648070	14.719750	1.284777	13.434960
35.673860	15.696930	1.556999	14.139930
35.699650	16.776220	1.873330	14.902890
35.725430	17.970020	2.239884	15.730120
35.751220	19.294130	2.664249	16.629880
35.777010	20.765450	3.154844	17.610590
35.802800	22.404150	3.721724	18.682420
35.828580	24.233190	4.376491	19.856680
35.854370	26.281860	5.133746	21.148100
35.880160	28.582580	6.010077	22.572490
35.905950	31.174760	7.025680	24.149070
35.931740	34.105700	8.204954	25.900740
35.957530	37.432550	9.577582	27.854950
35.983320	41.224870	11.179950	30.044900
36.009110	45.568110	13.057040	32.511050
36.034890	50.566090	15.264040	35.302030
36.060680	56.355310	17.873420	38.481880
36.086470	63.102140	20.974670	42.127450
36.112260	71.022670	24.684600	46.338050
36.138040	80.395080	29.154780	51.240280
36.163830	91.602100	34.594320	57.007750
36.189620	105.152400	41.284010	63.868320
36.202520	113.023200	45.217910	67.805250
36.215410	121.765200	49.623480	72.141650
36.228300	131.526500	54.583520	76.942980
36.241190	142.483500	60.197240	82.286230
36.252920	153.678500	65.978490	87.699940
36.264640	166.242700	72.516530	93.726150
36.276360	180.446600	79.965040	100.481500
36.288080	196.621700	88.513880	108.107800
36.299810	215.209300	98.416070	116.793200
36.311530	236.724700	109.970300	126.754300
36.323250	261.889500	123.593900	138.295500
36.334970	291.618900	139.818400	151.800400
36.346700	327.128800	159.351800	167.776900
36.358420	369.881500	183.050800	186.830600
36.370140	421.847700	212.069700	209.777900
36.381860	485.482000	247.851100	237.630800
36.393580	563.845000	292.198200	271.646700
36.405300	660.691400	347.328600	313.362700
36.417020	780.541700	415.918400	364.623200
36.422880	850.725400	456.228800	394.496500
36.428740	928.718900	501.126500	427.592300
36.435190	1024.537000	556.409500	468.127400
36.441640	1131.885000	618.482300	513.402500
36.448090	1251.932000	688.042900	563.888500
36.454530	1385.672000	765.690300	619.981100
36.460980	1534.763000	852.410500	682.352200
36.467430	1700.265000	948.844400	751.420500
36.473880	1883.425000	1055.743000	827.681600
36.480320	2085.125000	1173.647000	911.477800
36.493220	2550.210000	1446.119000	1104.091000
36.506110	3102.573000	1770.604000	1331.969000
36.519010	3748.112000	2150.784000	1597.327000
36.531900	4486.857000	2586.903000	1899.954000
36.549490	5637.501000	3268.070000	2369.429000
36.567070	6923.361000	4031.722000	2891.638000
36.602230	9664.605000	5668.480000	3996.124000
36.628020	11491.330000	6768.324000	4723.008000
36.640910	12234.500000	7219.755000	5014.739000
36.653800	12816.010000	7576.631000	5239.381000
36.667950	13234.310000	7838.966000	5395.344000
36.682100	13398.030000	7950.909000	5447.123000
36.692400	13351.030000	7933.861000	5417.168000
36.702690	13165.970000	7834.676000	5331.291000
36.723270	12412.280000	7407.202000	5005.080000
36.745790	11108.830000	6651.619000	4457.213000
36.768310	9489.591000	5703.548000	3786.042000
36.803700	6794.414000	4113.565000	2680.848000
36.821390	5552.895000	3377.261000	2175.634000
36.839080	4452.988000	2722.889000	1730.098000
36.847930	3964.176000	2431.392000	1532.784000
36.856780	3518.075000	2164.944000	1353.130000
36.865630	3114.547000	1923.536000	1191.011000
36.874470	2752.914000	1706.829000	1046.085000
36.883320	2430.552000	1513.319000	917.232100
36.892160	2145.828000	1342.091000	803.736200
36.901010	1895.351000	1191.169000	704.181800
36.909850	1676.714000	1059.163000	617.551200
36.918700	1486.347000	943.975900	542.371200
36.927540	1321.623000	844.074700	477.548200
36.936390	1179.206000	757.489800	421.716200
36.945230	1056.624000	682.768400	373.855000
36.954080	951.006800	618.209700	332.797100
36.962920	860.240900	562.565300	297.675500
36.971770	782.009000	514.456500	267.552400
36.980610	714.624900	472.884400	241.740400
36.988250	663.794400	441.426600	222.367700
36.995890	618.863100	413.537000	205.326000
37.011170	543.600200	366.610900	176.989200
37.026450	483.623800	328.985700	154.638100
37.041730	435.066500	298.338800	136.727600
37.057010	395.099300	272.965700	122.133500
37.072290	361.669100	251.625000	110.044000
37.087570	333.288600	233.414000	99.874540
37.102840	308.890200	217.682800	91.207390
37.118120	287.646900	203.924400	83.722510
37.133400	268.983000	191.785700	77.197240
37.163950	237.707800	171.328200	66.379590
37.194510	212.520400	154.733400	57.786940
37.225060	191.838900	141.015700	50.823130
37.250800	177.103900	131.184800	45.919130
37.276530	164.336500	122.622900	41.713620
37.302270	153.175200	115.101100	38.074100
37.328000	143.355200	108.451600	34.903580
37.353740	134.652500	102.531400	32.121060
37.379470	126.900300	97.234160	29.666110
37.430930	113.699400	88.156330	25.543110
37.482400	102.899300	80.668120	22.231140
37.533860	93.925450	74.397630	19.527810
37.585330	86.369150	69.078330	17.290810
37.636790	79.938940	64.519430	15.419510
37.707560	72.535890	59.228640	13.307250
37.778320	66.427840	54.824360	11.603470
37.849090	61.314840	51.106410	10.208430
37.919850	56.983070	47.931260	9.051799
37.990620	53.272430	45.190690	8.081743
38.061380	50.064780	42.804410	7.260371
38.132150	47.268980	40.710090	6.558885
38.202910	44.816710	38.860870	5.955838
38.270460	42.743450	37.287680	5.455767
38.338010	40.887610	35.871370	5.016239
38.473110	37.701480	33.420590	4.280892
38.608210	35.076060	31.380460	3.695600
38.743300	32.882900	29.659890	3.223008
38.878400	31.026180	28.190270	2.835910
39.013490	29.436220	26.921310	2.514907
39.148590	28.060600	25.814870	2.245731
39.283680	26.859870	24.842040	2.017834
39.476680	25.388390	23.640060	1.748339
39.669670	24.145310	22.615450	1.529860
39.862670	23.082310	21.731950	1.350358
40.055660	22.168310	20.966220	1.202089
40.248660	21.366670	20.289970	1.076704
40.441650	20.659010	19.689100	0.969916
40.634650	20.031390	19.152840	0.878549
40.827640	19.471030	18.671240	0.799791
41.136430	18.689430	17.994760	0.694668
41.445220	18.021770	17.412230	0.609537
41.657520	17.619310	17.058750	0.560560
41.869810	17.257390	16.739170	0.518227
42.082110	16.915760	16.436630	0.479134
42.294400	16.609420	16.163820	0.445595
42.506700	16.321330	15.906400	0.414926
42.718990	16.060380	15.671850	0.388532
42.931290	15.813060	15.447920	0.365139
42.984370	15.755920	15.394760	0.361158
43.037440	15.703530	15.342650	0.360871
43.063980	15.680880	15.316940	0.363940
43.090510	15.662220	15.291460	0.370764
43.117050	15.648960	15.266190	0.382777
43.143580	15.642270	15.241150	0.401116
43.182180	15.644380	15.205130	0.439256
43.220780	15.655180	15.169570	0.485614
43.254560	15.661550	15.138830	0.522724
43.288330	15.653600	15.108420	0.545173
43.308040	15.638910	15.090830	0.548081
43.309470	15.637520	15.089550	0.547967
43.314600	15.632190	15.084990	0.547191
43.319730	15.626290	15.080440	0.545846
43.329990	15.612840	15.071360	0.541478
43.361520	15.559120	15.043620	0.515494
43.393050	15.492270	15.016160	0.476111
43.407460	15.459770	15.003700	0.456074
43.451610	15.362950	14.965870	0.397079
43.473680	15.319690	14.947160	0.372538
43.495750	15.281110	14.928580	0.352527
43.517820	15.247130	14.910130	0.336995
43.539890	15.217200	14.891820	0.325389
43.584030	15.166330	14.855540	0.310785
43.672320	15.081910	14.784300	0.297613
43.760600	15.004680	14.714910	0.289771
44.113730	14.718320	14.453320	0.264998
44.466870	14.457420	14.212510	0.244919
44.643440	14.334420	14.098070	0.236353
44.731720	14.275390	14.042300	0.233090
44.820000	14.221070	13.988160	0.232912
44.848830	14.205960	13.970800	0.235158
44.877660	14.194020	13.953590	0.240437
44.906490	14.187730	13.936490	0.251233
44.920900	14.187820	13.927990	0.259826
44.935310	14.190840	13.919520	0.271313
44.949730	14.197430	13.911080	0.286350
44.964140	14.208240	13.902660	0.305578
44.978560	14.223920	13.894270	0.329643
44.992970	14.244930	13.885920	0.359019
45.007390	14.271630	13.877580	0.394052
45.021800	14.303980	13.869280	0.434708
45.050620	14.383830	13.852750	0.531073
45.093870	14.522460	13.828150	0.694310
45.115490	14.585350	13.815940	0.769411
45.137110	14.632960	13.803790	0.829170
45.160530	14.658770	13.790690	0.868086
45.177430	14.657320	13.781270	0.876053
45.195570	14.636000	13.771200	0.864805
45.218810	14.580600	13.758350	0.822251
45.234580	14.527910	13.749670	0.778245
45.250350	14.466230	13.741010	0.725220
45.281890	14.328830	13.723790	0.605039
45.295170	14.270190	13.716570	0.553623
45.316750	14.179520	13.704880	0.474634
45.338330	14.098530	13.693250	0.405284
45.359910	14.029720	13.681670	0.348043
45.381490	13.973480	13.670150	0.303328
45.403070	13.928740	13.658680	0.270061
45.424650	13.893600	13.647260	0.246337
45.446230	13.865880	13.635890	0.229984
45.467810	13.843560	13.624590	0.218972
45.489390	13.824950	13.613330	0.211620
45.510970	13.808800	13.602140	0.206663
45.554130	13.780640	13.579940	0.200703
45.640450	13.730900	13.536310	0.194589
45.985730	13.547910	13.367460	0.180453
46.331010	13.378490	13.208690	0.169792
46.503650	13.297440	13.131980	0.165464
46.589970	13.259440	13.094650	0.164795
46.633130	13.242620	13.076200	0.166416
46.676290	13.229340	13.057900	0.171444
46.702850	13.223940	13.046700	0.177239
46.729410	13.221180	13.035550	0.185633
46.755970	13.221140	13.024450	0.196688
46.782530	13.223280	13.013410	0.209869
46.829010	13.228140	12.994200	0.233934
46.852250	13.228360	12.984660	0.243697
46.875490	13.225270	12.975150	0.250114
46.897390	13.218430	12.966220	0.252209
46.900260	13.217230	12.965060	0.252175
46.906460	13.214390	12.962540	0.251851
46.912660	13.211210	12.960020	0.251190
46.925060	13.203880	12.954990	0.248883
46.960950	13.176250	12.940500	0.235747
46.996840	13.142550	12.926090	0.216465
47.032740	13.107900	12.911760	0.196135
47.068630	13.076280	12.897520	0.178758
47.104530	13.049440	12.883350	0.166089
47.140420	13.027210	12.869270	0.157934
47.176320	13.008370	12.855270	0.153096
47.212210	12.991640	12.841360	0.150285
47.283990	12.961100	12.813780	0.147319
47.571130	12.846960	12.706040	0.140925
48.145420	12.633950	12.502760	0.131185
48.719710	12.436150	12.312650	0.123498
49.006860	12.341100	12.220620	0.120479
49.150430	12.295860	12.176130	0.119737
49.222220	12.273890	12.154080	0.119812
49.294000	12.253820	12.132170	0.121653
49.336540	12.245110	12.119250	0.125852
49.357810	12.242810	12.112820	0.129991
49.379080	12.242760	12.106410	0.136353
49.400350	12.245800	12.100010	0.145787
49.421620	12.252860	12.093620	0.159241
49.442890	12.264880	12.087250	0.177628
49.464160	12.282540	12.080900	0.201636
49.480120	12.299630	12.076140	0.223493
49.496070	12.319860	12.071390	0.248463
49.527970	12.367590	12.061920	0.305676
49.559880	12.418580	12.052470	0.366114
49.591780	12.461790	12.043050	0.418740
49.607740	12.476730	12.038350	0.438383
49.623690	12.485490	12.033650	0.451836
49.640070	12.487140	12.028840	0.458298
49.645820	12.485850	12.027150	0.458699
49.662680	12.476440	12.022200	0.454237
49.686780	12.449190	12.015140	0.434040
49.703510	12.422100	12.010250	0.411849
49.720240	12.390000	12.005370	0.384634
49.753700	12.317700	11.995620	0.322079
49.791180	12.237500	11.984730	0.252768
49.809920	12.201880	11.979300	0.222582
49.828660	12.170520	11.973870	0.196641
49.850080	12.140210	11.967690	0.172517
49.871500	12.115540	11.961510	0.154022
49.892920	12.095790	11.955350	0.140435
49.914330	12.080030	11.949200	0.130826
49.935750	12.067290	11.943060	0.124232
49.957170	12.056750	11.936930	0.119812
50.000000	12.039650	11.924720	0.114937
50.047620	12.023690	11.911180	0.112512
50.095230	12.008920	11.897690	0.111229
50.190450	11.980430	11.870820	0.109612
50.380900	11.925060	11.817630	0.107431
50.761790	11.818150	11.713550	0.104599
51.523580	11.613170	11.512320	0.100847
52.285370	11.414030	11.315690	0.098341
53.047150	11.220400	11.123190	0.097211
54.292990	10.907980	10.809260	0.098728
54.915910	10.750810	10.649910	0.100894
55.538820	10.589670	10.485140	0.104524
56.161740	10.426110	10.317160	0.108948
56.784660	10.254670	10.139240	0.115431
57.407580	10.074590	9.950385	0.124202
57.719040	9.981949	9.851601	0.130347
57.796910	9.960043	9.826191	0.133851
57.835840	9.950916	9.813391	0.137524
57.874770	9.944595	9.800525	0.144069
57.913700	9.942795	9.787589	0.155206
57.952630	9.946998	9.774577	0.172420
57.991560	9.957310	9.761488	0.195821
58.030490	9.971278	9.748320	0.222957
58.069180	9.983596	9.735157	0.248439
58.088520	9.987123	9.728548	0.258574
58.107860	9.987870	9.721919	0.265950
58.128590	9.984951	9.714793	0.270157
58.137210	9.982510	9.711824	0.270685
58.153950	9.975673	9.706045	0.269627
58.172280	9.965128	9.699702	0.265426
58.190610	9.951723	9.693340	0.258382
58.232510	9.913419	9.678731	0.234687
58.274410	9.871153	9.664026	0.207126
58.305840	9.841253	9.652929	0.188323
58.337260	9.814964	9.641776	0.173187
58.368690	9.792794	9.630557	0.162236
58.400110	9.774372	9.619276	0.155096
58.426960	9.760964	9.609582	0.151381
58.453800	9.749100	9.599842	0.149257
58.507480	9.728090	9.580217	0.147872
58.614850	9.689765	9.540478	0.149287
58.829590	9.613893	9.459271	0.154622
59.259060	9.455187	9.287078	0.168108
59.688540	9.284722	9.099814	0.184907
60.118010	9.099997	8.894253	0.205743
60.547490	8.897848	8.665906	0.231941
60.976960	8.674639	8.409274	0.265363
61.191700	8.553982	8.268459	0.285522
61.406430	8.426088	8.117383	0.308703
61.621170	8.290416	7.954959	0.335456
61.835900	8.146437	7.780079	0.366357
62.027070	8.010052	7.611663	0.398387
62.218240	7.866850	7.432256	0.434592
62.409410	7.714131	7.236723	0.477406
62.600570	7.551630	7.023386	0.528243
62.791740	7.379545	6.790267	0.589276
62.982910	7.199561	6.534377	0.665181
63.078500	7.110907	6.396950	0.713955
63.126290	7.072799	6.325717	0.747080
63.174080	7.049982	6.252701	0.797278
63.197980	7.050439	6.215484	0.834952
63.221870	7.064010	6.177797	0.886210
63.245770	7.095848	6.139594	0.956252
63.269660	7.151677	6.100894	1.050781
63.293560	7.237147	6.061653	1.175491
63.317450	7.356457	6.021894	1.334560
63.341350	7.511172	5.981572	1.529596
63.365240	7.698300	5.940709	1.757588
63.420240	8.196996	5.844430	2.352562
63.447740	8.430774	5.795086	2.635685
63.475230	8.610761	5.744914	2.865843
63.480470	8.636379	5.735252	2.901123
63.492910	8.683964	5.712186	2.971775
63.505340	8.711422	5.688954	3.022464
63.521960	8.714557	5.657602	3.056952
63.523390	8.712984	5.654888	3.058093
63.529150	8.703680	5.643934	3.059742
63.532030	8.697247	5.638441	3.058802
63.540710	8.670751	5.621826	3.048921
63.549390	8.633800	5.605118	3.028679
63.563880	8.550031	5.577016	2.973012
63.585620	8.378476	5.534360	2.844112
63.607350	8.164113	5.491127	2.672983
63.650810	7.671247	5.402850	2.268393
63.689440	7.242787	5.322332	1.920452
63.716000	6.987011	5.265828	1.721180
63.742560	6.773545	5.208370	1.565171
63.769120	6.603111	5.149934	1.453174
63.795680	6.471178	5.090492	1.380682
63.822240	6.370504	5.030012	1.340488
63.848800	6.293269	4.968464	1.324801
63.901920	6.182501	4.842038	1.340460
63.955040	6.100489	4.711001	1.389483
64.008160	6.029298	4.575219	1.454074
64.114400	5.898342	4.288985	1.609351
64.220640	5.777864	3.981572	1.796287
64.326880	5.671972	3.650093	2.021873
64.433120	5.588902	3.292448	2.296447
64.539360	5.541524	2.907477	2.634039
64.621460	5.541737	2.591038	2.950691
64.703550	5.588801	2.258772	3.330019
64.785650	5.702468	1.912554	3.789904
64.867740	5.911319	1.556651	4.354656
64.949840	6.257598	1.198980	5.058604
64.990890	6.501245	1.023733	5.477497
65.031930	6.806069	0.854458	5.951595
65.072980	7.186752	0.694964	6.491770
65.114030	7.662071	0.550638	7.111415
65.134560	7.942701	0.486351	7.456330
65.155080	8.256615	0.428849	7.827745
65.175600	8.608246	0.379474	8.228751
65.196120	9.002566	0.339853	8.662691
65.215440	9.417999	0.313194	9.104781
65.225100	9.643532	0.304335	9.339173
65.234760	9.881961	0.298810	9.583126
65.244420	10.134130	0.296916	9.837187
65.254080	10.400940	0.298976	10.101940
65.263740	10.683380	0.305342	10.378020
65.273390	10.982200	0.316387	10.665790
65.284870	11.360990	0.336215	11.024750
65.296340	11.766760	0.364031	11.402700
65.303580	12.037990	0.386104	11.651860
65.316850	12.567960	0.436565	12.131360
65.331340	13.199660	0.508171	12.691460
65.345830	13.893110	0.599493	13.293580
65.353680	14.297200	0.658230	13.638940
65.361530	14.723010	0.724171	13.998800
65.369380	15.171980	0.797896	14.374050
65.377220	15.645090	0.879935	14.765120
65.385070	16.145360	0.971234	15.174090
65.392910	16.673430	1.072350	15.601040
65.408600	17.824440	1.308194	16.516210
65.421880	18.909340	1.547961	17.361340
65.435160	20.111420	1.831230	18.280140
65.448440	21.448800	2.165848	19.282910
65.461720	22.943820	2.561625	20.382140
65.475000	24.624210	3.030934	21.593220
65.488280	26.524860	3.589551	22.935250
65.501560	28.690010	4.257758	24.432190
65.514840	31.176200	5.061801	26.114330
65.528120	34.056110	6.035810	28.020230
65.541400	37.423500	7.224271	30.199160
65.554680	41.399440	8.685185	32.714180
65.561320	43.662820	9.540587	34.122150
65.567960	46.140170	10.494020	35.646060
65.574600	48.858080	11.558460	37.299540
65.581240	51.846640	12.748600	39.097940
65.587880	55.139830	14.081140	41.058590
65.594520	58.775990	15.574940	43.200950
65.601160	62.798230	17.251280	45.546840
65.607800	67.254960	19.134130	48.120710
65.614440	72.200390	21.250390	50.949870
65.621080	77.695060	23.630200	54.064730
65.627720	83.806390	26.307170	57.499080
65.634360	90.609200	29.318720	61.290340
65.641000	98.186290	32.706340	65.479790
65.647640	106.628900	36.515870	70.112900
65.654280	116.037400	40.797790	75.239450
65.660920	126.521400	45.607430	80.913830
65.667560	138.200600	51.005230	87.195160
65.674200	151.204600	57.056890	94.147470
65.680840	165.673500	63.833530	101.839700
65.687480	181.758000	71.411750	110.346000
65.694120	199.619100	79.873630	119.745200
65.700760	219.428100	89.306690	130.121100
65.707400	241.366200	99.803660	141.562200
65.714040	265.623800	111.462300	154.161200
65.720680	292.399700	124.384800	168.014600
65.727320	321.900200	138.677500	183.222300
65.733960	354.337400	154.450300	199.886700
65.740600	389.927700	171.815200	218.112000
65.753880	471.442800	211.777600	259.664600
65.767160	568.180600	259.473100	308.706800
65.780440	681.786500	315.771900	366.013800
65.793720	813.710300	381.452300	432.257000
65.807000	965.083400	457.138400	507.943800
65.820280	1136.586000	543.232100	593.353000
65.833560	1328.314000	639.843200	688.469600
65.855300	1683.873000	819.875600	863.995800
65.877030	2083.829000	1023.576000	1060.251000
65.920490	2953.882000	1470.908000	1482.971000
65.947050	3466.241000	1737.617000	1728.620000
65.973600	3901.173000	1967.259000	1933.909000
65.989300	4101.357000	2074.971000	2026.381000
66.004990	4248.192000	2156.045000	2092.143000
66.018100	4325.348000	2200.879000	2124.464000
66.031200	4358.465000	2223.416000	2135.044000
66.048670	4332.815000	2217.918000	2114.893000
66.066140	4229.295000	2172.503000	2056.788000
66.085800	4027.553000	2077.345000	1950.204000
66.105460	3749.634000	1942.417000	1807.213000
66.136350	3205.135000	1673.031000	1532.101000
66.167240	2600.565000	1369.774000	1230.789000
66.198130	2010.698000	1070.958000	939.737400
66.213580	1739.231000	932.549400	806.679800
66.229020	1490.043000	804.984200	685.056900
66.244470	1265.552000	689.598600	575.952200
66.259910	1067.290000	587.274900	480.013600
66.275360	894.955700	497.952600	397.002200
66.290800	747.711900	421.288600	326.422500
66.305550	628.714800	359.036200	269.678100
66.320290	528.938300	306.574600	222.363200
66.335040	446.050100	262.751000	183.298700
66.349780	377.911000	226.504600	151.406100
66.357160	348.623100	210.845600	137.777200
66.364530	322.238400	196.688400	125.549700
66.379270	277.067800	172.314200	104.753300
66.394010	240.521000	152.429000	88.091860
66.408750	210.990900	136.213900	74.776840
66.423500	187.090900	122.959000	64.131770
66.438240	167.707000	112.093000	55.613820
66.452980	151.882600	103.121700	48.760830
66.467720	138.861500	95.652680	43.208700
66.482470	128.036300	89.369270	38.667000
66.497210	118.950500	84.033030	34.917370
66.511950	111.229700	79.446550	31.783090
66.526690	104.591500	75.460160	29.131320
66.553370	94.661820	69.414390	25.247380
66.580050	86.693720	64.484700	22.208980
66.606730	80.121340	60.362370	19.758930
66.633400	74.584380	56.848060	17.736290
66.660080	69.838440	53.804130	16.034280
66.686760	65.719520	51.137290	14.582200
66.713440	62.107870	48.778490	13.329350
66.740110	58.915400	46.676490	12.238890
66.793470	53.522400	43.086070	10.436310
66.846820	49.148190	40.133250	9.014930
66.900180	45.533080	37.661550	7.871517
66.953530	42.500930	35.563770	6.937139
67.018120	39.430650	33.413800	6.016844
67.082710	36.870210	31.598370	5.271830
67.147300	34.706710	30.046020	4.660683
67.211880	32.858860	28.703910	4.154942
67.276470	31.266180	27.531010	3.735165
67.341060	29.883670	26.496380	3.387276
67.405650	28.672750	25.576700	3.096039
67.470230	27.596450	24.754800	2.841641
67.504190	27.073150	24.357090	2.716056
67.583560	25.944280	23.508430	2.435851
67.662920	24.938160	22.757160	2.180998
67.742280	24.050960	22.086530	1.964422
67.821640	23.269290	21.483840	1.785451
67.907690	22.518740	20.895920	1.622816
67.993740	21.850360	20.366880	1.483484
68.079790	21.251040	19.888750	1.362280
68.165840	20.710240	19.454320	1.255916
68.337940	19.769250	18.691460	1.077787
68.510030	18.978190	18.042870	0.935319
68.682130	18.305650	17.485660	0.819988
68.854220	17.727100	17.001720	0.725381
69.026320	17.223920	16.577110	0.646809
69.198410	16.782170	16.201320	0.580853
69.341830	16.453070	15.919410	0.533656
69.485240	16.154150	15.661860	0.492291
69.772060	15.631160	15.207620	0.423548
70.058890	15.188180	14.819020	0.369161
70.345710	14.809730	14.483930	0.325797
70.632540	14.478310	14.188180	0.290131
70.919360	14.185820	13.925230	0.260589
71.206190	13.925830	13.689840	0.235992
71.493010	13.692770	13.477360	0.215414
71.837200	13.443020	13.247430	0.195586
72.009300	13.330820	13.141070	0.189752
72.052330	13.306180	13.115180	0.191003
72.095350	13.285580	13.089570	0.196009
72.116860	13.277710	13.076890	0.200821
72.138370	13.272050	13.064280	0.207772
72.159880	13.269100	13.051760	0.217341
72.181390	13.269280	13.039320	0.229960
72.210080	13.274900	13.022850	0.252048
72.238760	13.286740	13.006550	0.280191
72.296120	13.324150	12.974360	0.349782
72.334360	13.350190	12.953210	0.396977
72.361850	13.363210	12.938140	0.425071
72.389330	13.367460	12.923190	0.444263
72.410840	13.362900	12.911570	0.451331
72.422340	13.357330	12.905380	0.451947
72.441950	13.342690	12.894870	0.447819
72.470330	13.310630	12.879760	0.430875
72.492630	13.277750	12.867960	0.409787
72.514920	13.239910	12.856230	0.383679
72.563550	13.149650	12.830880	0.318764
72.591930	13.098060	12.816230	0.281834
72.620300	13.050780	12.801690	0.249095
72.648670	13.009220	12.787250	0.221965
72.677040	12.973690	12.772920	0.200779
72.705420	12.943740	12.758680	0.185061
72.733790	12.918440	12.744540	0.173893
72.762160	12.896710	12.730520	0.166194
72.790530	12.877550	12.716590	0.160962
72.847280	12.843920	12.689070	0.154852
72.904020	12.813480	12.662010	0.151469
73.017510	12.756290	12.609220	0.147067
73.471470	12.541260	12.407330	0.133925
73.860580	12.373090	12.247880	0.125211
74.249690	12.216570	12.098460	0.118113
74.638800	12.069290	11.956980	0.112306
75.027900	11.930150	11.822440	0.107709
75.417010	11.797800	11.693510	0.104285
75.806120	11.670340	11.568380	0.101957
76.195230	11.546380	11.445660	0.100722
76.584330	11.424950	11.324190	0.100760
77.200420	11.234190	11.130090	0.104098
77.508470	11.137670	11.029720	0.107953
77.816510	11.038940	10.924970	0.113970
78.124560	10.936600	10.813520	0.123082
78.278580	10.883560	10.754330	0.129232
78.432600	10.829000	10.692260	0.136739
78.586620	10.772440	10.626270	0.146169
78.740640	10.713430	10.555270	0.158168
78.894660	10.651610	10.478060	0.173555
79.048680	10.586500	10.392880	0.193621
79.162170	10.536130	10.323600	0.212529
79.275660	10.483540	10.247360	0.236179
79.389150	10.428680	10.162460	0.266217
79.502640	10.371630	10.066350	0.305277
79.559390	10.342410	10.012970	0.329443
79.616130	10.312920	9.955296	0.357621
79.672880	10.283370	9.892605	0.390759
79.729620	10.254130	9.824064	0.430067
79.786370	10.225780	9.748582	0.477199
79.843110	10.199220	9.664834	0.534385
79.899860	10.175860	9.571035	0.604824
79.956600	10.158040	9.464890	0.693152
80.005240	10.150130	9.361686	0.788443
80.053880	10.153550	9.244397	0.909154
80.078200	10.161820	9.179385	0.982429
80.102520	10.176540	9.109408	1.067130
80.126840	10.200350	9.033826	1.166521
80.151160	10.237460	8.951922	1.285529
80.175480	10.294810	8.862932	1.431869
80.199800	10.384060	8.766119	1.617936
80.211960	10.446340	8.714593	1.731743
80.224120	10.524810	8.660932	1.863872
80.236280	10.623980	8.605146	2.018829
80.248440	10.749630	8.547303	2.202319
80.260600	10.909090	8.487554	2.421525
80.272760	11.111600	8.426156	2.685437
80.284920	11.368740	8.363510	3.005218
80.297080	11.694830	8.300198	3.394626
80.309240	12.107490	8.237025	3.870453
80.321400	12.628090	8.175077	4.453001
80.333560	13.282350	8.115773	5.166557
80.345710	14.100030	8.060970	6.039047
80.356860	15.025140	8.016525	7.008595
80.368010	16.150100	7.979866	8.170214
80.379160	17.510850	7.953532	9.557291
80.390300	19.145870	7.940506	11.205340
80.401450	21.102210	7.944199	13.157970
80.412590	23.424120	7.968511	15.455570
80.423740	26.166790	8.017866	18.148880
80.434880	29.378650	8.097002	21.281590
80.446030	33.120220	8.211300	24.908860
80.457180	37.443650	8.366289	29.077280
80.468330	42.402060	8.567798	33.834180
80.479470	48.039680	8.821526	39.218050
80.490620	54.410420	9.133843	45.276460
80.501760	61.538550	9.509883	52.028530
80.512910	69.461980	9.955603	59.506220
80.524050	78.178480	10.474830	67.703470
80.537230	89.518090	11.189610	78.328270
80.550400	101.923000	12.016420	89.906340
80.576750	129.610700	14.010560	115.599800
80.603100	160.101000	16.426410	143.674200
80.629440	191.563500	19.169840	172.393200
80.656800	222.746200	22.199910	200.545800
80.684160	249.480800	25.185020	224.295200
80.693280	256.903400	26.125310	230.777500
80.704420	264.733700	27.213820	237.519200
80.715570	271.071300	28.221350	242.849400
80.726710	275.783900	29.130440	246.652800
80.739550	279.091600	30.039220	249.051800
80.747440	279.960600	30.516370	249.443600
80.750600	280.057400	30.689120	249.367700
80.762090	279.198600	31.225190	247.972800
80.773570	276.467200	31.611840	244.854700
80.798290	264.578700	31.926830	232.651300
80.821890	246.541800	31.586670	214.954600
80.845490	223.543300	30.689900	192.853000
80.888200	175.250400	28.023780	147.226300
80.909550	150.641100	26.395780	124.245000
80.930900	127.228700	24.704990	102.523500
80.950010	107.957100	23.209080	84.747790
80.969110	90.688000	21.781930	68.905890
80.988220	75.605450	20.458090	55.147220
80.997770	68.910280	19.843180	49.066970
81.007320	62.769490	19.261920	43.507460
81.016880	57.163560	18.714790	38.448670
81.026430	52.084610	18.203370	33.881160
81.035980	47.502330	17.726940	29.775310
81.045530	43.389060	17.284940	26.104060
81.055090	39.711030	16.875970	22.835010
81.064640	36.444200	16.499600	19.944540
81.074190	33.552020	16.153880	17.398100
81.083740	31.001990	15.837090	15.164870
81.090490	29.388570	15.629630	13.758900
81.097230	27.921170	15.435340	12.485800
81.103970	26.586690	15.253210	11.333450
81.110710	25.374900	15.082570	10.292310
81.117460	24.274480	14.922530	9.351929
81.124200	23.279350	14.772900	8.506435
81.130940	22.378990	14.632790	7.746182
81.137680	21.565090	14.501590	7.063484
81.151170	20.165100	14.263370	5.901725
81.164650	19.025330	14.054080	4.971239
81.178140	18.095940	13.869370	4.226564
81.191620	17.337770	13.705920	3.631840
81.205110	16.715950	13.560370	3.155575
81.218590	16.203750	13.430230	2.773515
81.232080	15.777980	13.313020	2.464954
81.245560	15.421270	13.206960	2.214312
81.259050	15.118830	13.110270	2.008555
81.272530	14.859830	13.021730	1.838097
81.286020	14.635100	12.940090	1.695006
81.299500	14.438130	12.864540	1.573583
81.324230	14.131640	12.739100	1.392538
81.348950	13.877700	12.627710	1.249980
81.373680	13.661450	12.527620	1.133821
81.398400	13.473660	12.436930	1.036728
81.423130	13.307970	12.354090	0.953881
81.447850	13.160210	12.278010	0.882198
81.497300	12.906620	12.142570	0.764046
81.546750	12.695980	12.025190	0.670795
81.596200	12.517650	11.922090	0.595558
81.645650	12.364360	11.830530	0.533821
81.695090	12.230950	11.748480	0.482468
81.758030	12.083900	11.655280	0.428617
81.820960	11.957110	11.572430	0.384680
81.883890	11.846370	11.498040	0.348332
81.946820	11.748570	11.430670	0.317906
82.009760	11.661330	11.369160	0.292165
82.072690	11.582820	11.312640	0.270186
82.198550	11.446550	11.211710	0.234841
82.292950	11.358620	11.144590	0.214028
82.387350	11.280230	11.083360	0.196875
82.481750	11.209640	11.027020	0.182616
82.576150	11.145520	10.974800	0.170720
82.670550	11.087060	10.926050	0.161014
82.764950	11.034520	10.880270	0.154254
82.812150	11.010980	10.858350	0.152626
82.859350	10.989570	10.837030	0.152537
82.953740	10.952310	10.796020	0.156292
82.989700	10.938950	10.780920	0.158031
83.061620	10.910500	10.751500	0.158992
83.070250	10.906810	10.748040	0.158765
83.073120	10.905570	10.746890	0.158671
83.076000	10.904310	10.745740	0.158569
83.084090	10.900750	10.742520	0.158234
83.092180	10.897140	10.739310	0.157831
83.108350	10.889760	10.732920	0.156836
83.160510	10.865090	10.712640	0.152450
83.198460	10.847470	10.698160	0.149312
83.236400	10.831970	10.683910	0.148063
83.255380	10.825770	10.676870	0.148900
83.274350	10.821140	10.669870	0.151260
83.293320	10.818620	10.662940	0.155684
83.312290	10.818890	10.656050	0.162841
83.326520	10.821400	10.650910	0.170488
83.340750	10.826340	10.645800	0.180531
83.354980	10.834140	10.640720	0.193421
83.369210	10.845320	10.635670	0.209652
83.383440	10.860400	10.630640	0.229754
83.397670	10.879920	10.625640	0.254275
83.411900	10.904430	10.620670	0.283762
83.426130	10.934460	10.615730	0.318735
83.445100	10.983840	10.609170	0.374667
83.464070	11.044610	10.602670	0.441948
83.482450	11.114670	10.596400	0.518267
83.500830	11.195440	10.590180	0.605255
83.519210	11.285930	10.584010	0.701927
83.537590	11.384380	10.577870	0.806516
83.611110	11.795540	10.553650	1.241884
83.634830	11.904690	10.545940	1.358743
83.658550	11.986470	10.538270	1.448195
83.683450	12.034680	10.530260	1.504423
83.698940	12.042720	10.525290	1.517436
83.703250	12.041840	10.523910	1.517936
83.720160	12.025250	10.518500	1.506745
83.741720	11.974590	10.511630	1.462962
83.760590	11.905460	10.505640	1.399819
83.779460	11.816680	10.499670	1.317010
83.801030	11.696630	10.492860	1.203768
83.822590	11.563720	10.486100	1.077627
83.865720	11.287580	10.472660	0.814923
83.892680	11.125540	10.464330	0.661203
83.919630	10.981710	10.456070	0.525640
83.933110	10.918020	10.451960	0.466063
83.946590	10.860170	10.447860	0.412307
83.960070	10.808170	10.443780	0.364385
83.973540	10.761900	10.439720	0.322185
83.987700	10.719120	10.435460	0.283659
84.001850	10.681940	10.431220	0.250724
84.016000	10.649850	10.427000	0.222857
84.030150	10.622310	10.422790	0.199526
84.044310	10.598760	10.418590	0.180169
84.058460	10.578680	10.414410	0.164276
84.072610	10.561560	10.410240	0.151322
84.086760	10.546920	10.406080	0.140839
84.100920	10.534340	10.401940	0.132399
84.115070	10.523450	10.397800	0.125643
84.143370	10.505510	10.389580	0.115934
84.171670	10.491110	10.381390	0.109718
84.199970	10.478910	10.373250	0.105654
84.256580	10.457980	10.357090	0.100888
84.313180	10.439200	10.341080	0.098119
84.426390	10.404070	10.309470	0.094594
84.652820	10.338090	10.247750	0.090339
84.879240	10.275500	10.187770	0.087735
85.332090	10.155730	10.071150	0.084580
85.784940	10.040990	9.957782	0.083207
86.507350	9.863412	9.779965	0.083447
87.229750	9.688792	9.602354	0.086438
87.590960	9.602210	9.512592	0.089618
87.952160	9.516819	9.421771	0.095048
88.132760	9.475496	9.375831	0.099665
88.313360	9.436453	9.329493	0.106960
88.403660	9.418625	9.306171	0.112453
88.493960	9.402976	9.282743	0.120233
88.539110	9.396484	9.270989	0.125495
88.584260	9.391431	9.259209	0.132221
88.629410	9.388718	9.247408	0.141310
88.651990	9.388792	9.241499	0.147292
88.674560	9.390365	9.235592	0.154773
88.696130	9.393910	9.229947	0.163963
88.717690	9.400390	9.224310	0.176080
88.739260	9.411210	9.218680	0.192530
88.760820	9.428421	9.213072	0.215349
88.771610	9.440322	9.210276	0.230046
88.782390	9.455013	9.207492	0.247520
88.793170	9.473065	9.204721	0.268344
88.803950	9.495136	9.201964	0.293171
88.814740	9.522014	9.199223	0.322790
88.825520	9.554527	9.196507	0.358021
88.836300	9.593696	9.193816	0.399881
88.847080	9.640650	9.191155	0.449494
88.859890	9.708315	9.188041	0.520274
88.872690	9.791044	9.184990	0.606055
88.885500	9.891577	9.182007	0.709570
88.898300	10.012590	9.179111	0.833482
88.911110	10.157310	9.176308	0.980999
88.923910	10.328640	9.173616	1.155022
88.936710	10.529870	9.171046	1.358828
88.949510	10.764130	9.168612	1.595522
88.962320	11.034570	9.166324	1.868244
88.975120	11.343340	9.164197	2.179139
88.987920	11.692710	9.162236	2.530474
89.000720	12.084090	9.160449	2.923638
89.013530	12.518360	9.158836	3.359520
89.026330	12.994340	9.157398	3.836947
89.051930	14.064390	9.155007	4.909387
89.143580	18.536020	9.149046	9.386971
89.167840	19.587290	9.146890	10.440400
89.192100	20.433340	9.143865	11.289470
89.220400	21.070500	9.138856	11.931640
89.235220	21.229200	9.135495	12.093710
89.246770	21.264070	9.132500	12.131570
89.248220	21.262880	9.132100	12.130780
89.253110	21.249720	9.130714	12.119000
89.257990	21.222540	9.129272	12.093270
89.267750	21.126510	9.126211	12.000300
89.275280	21.015190	9.123692	11.891500
89.303530	20.327680	9.113100	11.214580
89.329900	19.357800	9.101822	10.255980
89.356260	18.163880	9.089592	9.074285
89.405220	15.699500	9.065799	6.633706
89.429700	14.501020	9.054022	5.446993
89.454180	13.402430	9.042651	4.359777
89.468310	12.828340	9.036332	3.792006
89.482430	12.303860	9.030219	3.273645
89.496560	11.830240	9.024313	2.805931
89.510680	11.408430	9.018621	2.389806
89.524810	11.036660	9.013132	2.023528
89.538930	10.713160	9.007844	1.705318
89.553050	10.434480	9.002739	1.431738
89.567170	10.196840	8.997801	1.199041
89.581300	9.996021	8.993011	1.003010
89.595420	9.828057	8.988357	0.839701
89.609540	9.688607	8.983817	0.704789
89.623660	9.573661	8.979376	0.594284
89.637790	9.479432	8.975015	0.504418
89.651910	9.402670	8.970725	0.431945
89.666030	9.340293	8.966491	0.373802
89.680150	9.289683	8.962301	0.327381
89.695220	9.246126	8.957869	0.288257
89.710280	9.211159	8.953470	0.257689
89.725350	9.182867	8.949091	0.233776
89.740410	9.159784	8.944732	0.215053
89.755480	9.140683	8.940381	0.200302
89.770540	9.124653	8.936040	0.188613
89.800670	9.099026	8.927366	0.171660
89.830800	9.078932	8.918694	0.160237
89.860930	9.062104	8.910014	0.152090
89.921190	9.033749	8.892608	0.141141
89.981450	9.009119	8.875125	0.133993
90.041710	8.986510	8.857557	0.128953
90.101970	8.965168	8.839896	0.125272
90.222490	8.924773	8.804286	0.120487
90.343010	8.886075	8.768287	0.117787
90.463530	8.848185	8.731892	0.116293
90.704570	8.773222	8.657658	0.115564
91.269510	8.595818	8.476443	0.119375
91.834450	8.410624	8.283496	0.127127
92.116920	8.314535	8.182376	0.132159
92.399390	8.216067	8.077502	0.138565
92.540630	8.166597	8.023435	0.143162
92.611250	8.143112	7.996024	0.147088
92.646560	8.132639	7.982222	0.150417
92.681860	8.124062	7.968355	0.155707
92.717170	8.118836	7.954414	0.164422
92.734830	8.118142	7.947415	0.170727
92.752480	8.119185	7.940403	0.178782
92.770140	8.122371	7.933368	0.189003
92.787790	8.128144	7.926318	0.201826
92.805450	8.136984	7.919247	0.217737
92.823100	8.149354	7.912162	0.237193
92.840760	8.165712	7.905054	0.260658
92.858410	8.186411	7.897932	0.288479
92.876070	8.211733	7.890788	0.320945
92.893720	8.241743	7.883629	0.358113
92.911380	8.276359	7.876449	0.399910
92.929030	8.315172	7.869254	0.445919
92.964330	8.402561	7.854808	0.547753
93.013300	8.530085	7.834642	0.695443
93.037780	8.587156	7.824505	0.762651
93.062260	8.633496	7.814330	0.819167
93.096160	8.672093	7.800173	0.871920
93.116420	8.677921	7.791675	0.886246
93.126480	8.675621	7.787445	0.888176
93.142760	8.664504	7.780585	0.883919
93.166630	8.632144	7.770494	0.861650
93.195280	8.570648	7.758330	0.812319
93.223920	8.489785	7.746113	0.743671
93.252560	8.396677	7.733841	0.662836
93.295530	8.250359	7.715324	0.535035
93.317010	8.180230	7.706020	0.474210
93.338490	8.114882	7.696686	0.418195
93.359980	8.055587	7.687317	0.368270
93.381460	8.003086	7.677921	0.325165
93.402940	7.957493	7.668494	0.288999
93.424420	7.918522	7.659035	0.259486
93.445910	7.885568	7.649541	0.236027
93.467390	7.857891	7.640019	0.217871
93.488870	7.834628	7.630465	0.204163
93.510350	7.814945	7.620878	0.194067
93.531830	7.798073	7.611258	0.186815
93.553310	7.783345	7.601604	0.181741
93.596270	7.758219	7.582192	0.176026
93.655950	7.728430	7.554988	0.173442
93.715620	7.700951	7.527506	0.173445
93.834970	7.647479	7.471712	0.175767
94.073660	7.539770	7.356959	0.182811
94.551040	7.311720	7.110404	0.201316
95.028420	7.068064	6.844436	0.223629
95.505800	6.803124	6.552210	0.250914
95.983180	6.514978	6.230761	0.284216
96.460560	6.197311	5.871101	0.326210
96.937940	5.847628	5.468041	0.379588
97.176630	5.659692	5.247674	0.412018
97.415320	5.463110	5.013151	0.449959
97.558540	5.343790	4.865235	0.478555
97.630150	5.289586	4.789313	0.500273
97.665950	5.267100	4.750858	0.516242
97.701750	5.250020	4.712046	0.537974
97.737560	5.240454	4.672843	0.567611
97.773360	5.240322	4.633248	0.607074
97.809160	5.250653	4.593230	0.657423
97.844960	5.270775	4.552774	0.718001
97.916570	5.325782	4.470502	0.855280
97.952370	5.347670	4.428689	0.918981
97.988170	5.355377	4.386416	0.968961
98.002500	5.352917	4.369365	0.983552
98.027800	5.339478	4.339080	1.000398
98.037860	5.330729	4.326972	1.003757
98.056980	5.308679	4.303858	1.004821
98.064600	5.297941	4.294608	1.003332
98.083650	5.266465	4.271389	0.995076
98.102700	5.228913	4.248034	0.980878
98.140800	5.139338	4.200911	0.938427
98.232240	4.894859	4.085534	0.809325
98.287490	4.762244	4.014260	0.747984
98.342730	4.653897	3.941847	0.712049
98.397970	4.567212	3.868306	0.698905
98.453210	4.495027	3.793643	0.701384
98.563700	4.369598	3.640831	0.728767
98.674180	4.250184	3.483163	0.767021
98.895150	4.010224	3.152350	0.857874
99.116120	3.768051	2.800167	0.967884
99.337090	3.528034	2.426581	1.101454
99.558060	3.297719	2.033155	1.264564
99.779030	3.091642	1.622466	1.469176
99.889520	3.004699	1.412810	1.591889
100.000000	2.933704	1.202491	1.731212
100.171700	2.867217	0.879932	1.987284
100.343400	2.878978	0.574691	2.304287
100.429300	2.927881	0.435211	2.492669
100.472200	2.966376	0.370564	2.595812
100.515100	3.015809	0.310095	2.705714
100.558000	3.077521	0.254542	2.822978
100.600900	3.153021	0.204754	2.948267
100.643800	3.244022	0.161702	3.082319
100.665300	3.296060	0.143006	3.153053
100.686700	3.352471	0.126510	3.225961
100.713700	3.430659	0.108964	3.321695
100.727200	3.472864	0.101661	3.371203
100.740700	3.517253	0.095402	3.421850
100.754200	3.563910	0.090239	3.473671
100.767700	3.612926	0.086224	3.526702
100.781200	3.664395	0.083414	3.580981
100.794700	3.718415	0.081866	3.636549
100.811900	3.791100	0.081822	3.709277
100.829000	3.867854	0.084043	3.783810
100.841300	3.925963	0.087116	3.838847
100.854800	3.992655	0.091982	3.900673
100.868900	4.065700	0.098814	3.966886
100.882900	4.141799	0.107455	4.034344
100.902600	4.255208	0.122933	4.132275
100.922200	4.375792	0.142433	4.233359
100.941800	4.504590	0.166321	4.338269
100.961400	4.642118	0.194916	4.447202
100.983500	4.808355	0.233236	4.575119
101.005600	4.987258	0.278516	4.708742
101.027700	5.179759	0.331339	4.848420
101.049700	5.385901	0.392047	4.993853
101.071800	5.608657	0.461888	5.146769
101.093800	5.847202	0.540983	5.306218
101.115900	6.105010	0.630885	5.474125
101.137900	6.381166	0.731685	5.649481
101.167400	6.784745	0.886300	5.898445
101.196800	7.228679	1.065009	6.163669
101.226200	7.718902	1.271302	6.447600
101.255600	8.260661	1.508599	6.752062
101.285100	8.862070	1.781802	7.080268
101.314500	9.525880	2.093556	7.432324
101.343900	10.261830	2.449888	7.811943
101.373300	11.078890	2.856759	8.222129
101.400300	11.909540	3.280843	8.628694
101.427300	12.826540	3.759569	9.066973
101.454300	13.840520	4.300086	9.540431
101.481200	14.959340	4.908284	10.051060
101.508200	16.205500	5.598300	10.607200
101.535200	17.591570	6.379282	11.212280
101.562200	19.136910	7.264483	11.872430
101.589100	20.857560	8.265602	12.591960
101.616100	22.793220	9.408657	13.384570
101.643100	24.970090	10.712480	14.257610
101.670100	27.426980	12.204070	15.222900
101.697000	30.200100	13.909600	16.290500
101.724000	33.367940	15.882310	17.485630
101.751000	36.993050	18.167150	18.825900
101.778000	41.166660	20.828660	20.338000
101.804900	45.986940	23.937780	22.049170
101.836800	52.772760	28.368710	24.404050
101.868700	61.056500	33.849070	27.207430
101.884700	65.927550	37.102770	28.824790
101.900600	71.349560	40.748100	30.601460
101.916600	77.495010	44.906730	32.588280
101.932500	84.414500	49.619520	34.794980
101.948500	92.353740	55.061680	37.292060
101.964400	101.408000	61.307670	40.100380
101.980400	111.933800	68.614060	43.319770
101.996300	124.096100	77.107710	46.988440
102.012300	138.415700	87.166450	51.249210
102.028200	155.159200	98.993790	56.165450
102.044100	174.948200	113.046100	61.902120
102.060000	198.431500	129.804200	68.627260
102.074700	224.097800	148.201100	75.896660