0.000010           208.547363           208.376099             0.171596  
0.000011           197.912842           197.750854             0.161561  
0.000011           197.912842           197.750854             0.161561  
0.000012           192.241455           192.080566             0.160697  
0.000013           181.397827           181.250366             0.147164  
0.000014           175.392334           175.248535             0.143104  
0.000015           169.124023           168.986084             0.137542  
0.000016           164.231201           164.097107             0.134208  
0.000018           156.151855           156.022949             0.129391  
0.000019           150.390259           150.267334             0.122440  
0.000020           147.149414           147.029663             0.120573  
0.000022           139.958679           139.844177             0.114196  
0.000024           134.559998           134.449463             0.110545  
0.000026           128.384216           128.279541             0.104236  
0.000028           124.785828           124.682678             0.102776  
0.000029           122.563538           122.462463             0.100867  
0.000031           117.690552           117.594818             0.095682  
0.000033           114.450684           114.356689             0.093562  
0.000035           110.924805           110.834351             0.090386  
0.000039           105.350403           105.264252             0.086189  
0.000043           100.181519           100.099884             0.081736  
0.000046            96.361298            96.283234             0.077924  
0.000050            92.922119            92.846405             0.075808  
0.000053            91.004333            90.928894             0.075257  
0.000056            87.964813            87.892700             0.071959  
0.000059            86.239487            86.168152             0.071274  
0.000063            82.311768            82.245193             0.066455  
0.000069            78.833008            78.769089             0.063875  
0.000075            75.795319            75.733765             0.061640  
0.000081            72.926697            72.867477             0.059276  
0.000088            70.440674            70.382751             0.057883  
0.000094            67.907089            67.851700             0.055443  
0.000100            66.041107            65.986938             0.054178  
0.000106            64.018372            63.966095             0.052328  
0.000113            61.977539            61.926964             0.050603  
0.000119            60.232666            60.183754             0.048938  
0.000125            58.828133            58.780190             0.047861  
0.000138            56.054939            56.009163             0.045660  
0.000150            53.814056            53.770157             0.043870  
0.000163            51.363525            51.322098             0.041484  
0.000175            50.046593            50.005554             0.041047  
0.000188            48.153671            48.114418             0.039285  
0.000200            46.606308            46.568420             0.037886  
0.000219            44.552898            44.516727             0.036195  
0.000238            42.775230            42.740471             0.034764  
0.000256            41.420162            41.386276             0.033868  
0.000275            39.796902            39.764637             0.032277  
0.000294            38.671474            38.639923             0.031579  
0.000313            37.334671            37.304451             0.030256  
0.000331            36.376446            36.346928             0.029546  
0.000350            35.278934            35.250443             0.028489  
0.000388            33.645260            33.617962             0.027300  
0.000425            32.063515            32.037674             0.025845  
0.000463            30.828331            30.803394             0.024943  
0.000500            29.606215            29.582384             0.023820  
0.000531            28.931154            28.907640             0.023514  
0.000563            27.943329            27.920872             0.022458  
0.000594            27.349335            27.327204             0.022141  
0.000625            26.568274            26.546909             0.021340  
0.000688            25.403688            25.383244             0.020441  
0.000750            24.350746            24.331207             0.019550  
0.000813            23.480618            23.461712             0.018910  
0.000875            22.626350            22.608204             0.018146  
0.000938            21.864201            21.846722             0.017485  
0.001000            21.250029            21.232994             0.017036  
0.001063            20.624859            20.608355             0.016494  
0.001125            20.041946            20.025986             0.015961  
0.001187            19.560707            19.545124             0.015590  
0.001250            19.134987            19.119690             0.015297  
0.001375            18.278522            18.263973             0.014554  
0.001500            17.494358            17.480536             0.013821  
0.001625            16.896135            16.882761             0.013375  
0.001750            16.296776            16.283953             0.012829  
0.001875            15.779160            15.766787             0.012381  
0.002000            15.333521            15.321503             0.012022  
0.002188            14.707498            14.696029             0.011474  
0.002375            14.151268            14.140297             0.010971  
0.002563            13.686868            13.676289             0.010587  
0.002750            13.282395            13.272136             0.010263  
0.002938            12.892570            12.882655             0.009915  
0.003125            12.560664            12.551022             0.009642  
0.003312            12.220098            12.210789             0.009309  
0.003500            11.953091            11.943990             0.009103  
0.003875            11.438612            11.429978             0.008641  
0.004250            10.998507            10.990262             0.008244  
0.004625            10.632970            10.625033             0.007934  
0.005000            10.288526            10.280914             0.007608  
0.005313            10.039162            10.031779             0.007380  
0.005625             9.809155             9.801987             0.007164  
0.005938             9.607899             9.600917             0.006986  
0.006250             9.410711             9.403917             0.006793  
0.006875             9.084400             9.077900             0.006501  
0.007500             8.782658             8.776456             0.006201  
0.008125             8.541829             8.535844             0.005985  
0.008750             8.308121             8.302377             0.005745  
0.009375             8.101427             8.095897             0.005531  
0.010000             7.941596             7.936203             0.005393  
0.010625             7.766109             7.760912             0.005197  
0.011250             7.642879             7.637782             0.005096  
0.011875             7.492291             7.487370             0.004918  
0.012500             7.366416             7.361636             0.004781  
0.013750             7.154810             7.150254             0.004556  
0.015000             6.978324             6.973954             0.004370  
0.016250             6.835520             6.831293             0.004226  
0.017500             6.698713             6.694643             0.004071  
0.018750             6.565713             6.561807             0.003905  
0.020000             6.471112             6.467310             0.003806  
0.021325             6.370628             6.366940             0.003685  
0.022650             6.281070             6.277494             0.003576  
0.023975             6.199186             6.195713             0.003473  
0.025300             6.131816             6.128425             0.003392  
0.026844             6.048011             6.044735             0.003277  
0.028387             5.981740             5.978548             0.003192  
0.029931             5.923042             5.919925             0.003115  
0.031475             5.863098             5.860069             0.003030  
0.034563             5.771297             5.768392             0.002905  
0.037650             5.684175             5.681402             0.002774  
0.040738             5.615466             5.612792             0.002671  
0.043825             5.551092             5.548524             0.002568  
0.046913             5.510735             5.508225             0.002510  
0.050000             5.457527             5.455110             0.002418  
0.053125             5.395727             5.393423             0.002303  
0.056250             5.374806             5.372533             0.002273  
0.059375             5.341787             5.339573             0.002213  
0.062500             5.321268             5.319089             0.002178  
0.068750             5.256646             5.254595             0.002051  
0.075000             5.216064             5.214095             0.001970  
0.081250             5.182054             5.180154             0.001899  
0.087500             5.153562             5.151725             0.001837  
0.093750             5.111905             5.110160             0.001744  
0.100000             5.086434             5.084751             0.001685  
0.106250             5.061945             5.060319             0.001626  
0.112500             5.059309             5.057694             0.001615  
0.118750             5.051896             5.050301             0.001593  
0.125000             5.030615             5.029075             0.001539  
0.137500             4.986451             4.985023             0.001429  
0.150000             4.968766             4.967391             0.001376  
0.162500             4.945599             4.944287             0.001311  
0.175000             4.948418             4.947114             0.001302  
0.187500             4.935317             4.934057             0.001260  
0.200000             4.920434             4.919221             0.001214  
0.218750             4.903887             4.902730             0.001158  
0.237500             4.891245             4.890132             0.001112  
0.256250             4.879640             4.878570             0.001070  
0.275000             4.869997             4.868965             0.001032  
0.293750             4.861650             4.860650             0.000999  
0.312500             4.854324             4.853356             0.000969  
0.331250             4.847835             4.846893             0.000941  
0.350000             4.842043             4.841127             0.000915  
0.387500             4.832142             4.831271             0.000870  
0.425000             4.823987             4.823156             0.000831  
0.500000             4.811343             4.810575             0.000767  
0.625000             4.796990             4.796305             0.000686  
0.750000             4.787403             4.786777             0.000626  
0.875000             4.780556             4.779976             0.000580  
1.000000             4.775424             4.774882             0.000542  
1.250000             4.768228             4.767744             0.000485  
1.500000             4.763419             4.762976             0.000443  
1.750000             4.759982             4.759572             0.000410  
2.000000             4.757406             4.757022             0.000383  
2.375000             4.754555             4.754203             0.000352  
2.750000             4.752477             4.752149             0.000326  
3.125000             4.750896             4.750590             0.000306  
3.500000             4.749656             4.749367             0.000289  
4.250000             4.747825             4.747562             0.000263  
5.000000             4.746542             4.746299             0.000242  
6.250000             4.745081             4.744864             0.000217  
7.500000             4.744101             4.743904             0.000198  
8.750000             4.743399             4.743215             0.000183  
10.000000             4.742870             4.742699             0.000171  
12.500000             4.742126             4.741973             0.000153  
15.000000             4.741625             4.741485             0.000140  
17.500000             4.741263             4.741134             0.000129  
20.000000             4.740989             4.740867             0.000121  
23.750000             4.740679             4.740568             0.000111  
27.500000             4.740449             4.740345             0.000103  
31.250000             4.740270             4.740172             0.000097  
35.000000             4.740125             4.740034             0.000091  
42.500000             4.739903             4.739820             0.000083  
50.000000             4.739735             4.739658             0.000077  
62.500000             4.739527             4.739459             0.000068  
75.000000             4.739369             4.739306             0.000062  
87.500000             4.739238             4.739181             0.000058  
100.000000             4.739126             4.739072             0.000054  
125.000000             2.342284             2.342260             0.000024  
