0.000010           150.493530           150.323364             0.170326  
0.000011           142.852783           142.691772             0.160993  
0.000011           142.852783           142.691772             0.160993  
0.000012           137.458008           137.302429             0.155628  
0.000013           131.616272           131.468018             0.148530  
0.000014           126.843384           126.700134             0.143146  
0.000015           122.505310           122.367310             0.138202  
0.000016           119.007690           118.873230             0.134658  
0.000018           112.155945           112.028961             0.126837  
0.000019           108.961517           108.838531             0.123000  
0.000020           106.533813           106.412964             0.120599  
0.000022           101.411163           101.296661             0.114608  
0.000024            97.054047            96.944794             0.109625  
0.000026            93.442841            93.337189             0.105736  
0.000028            90.097107            89.995026             0.101989  
0.000029            88.120850            88.021545             0.099312  
0.000031            85.407150            85.310898             0.096426  
0.000033            82.711578            82.618256             0.093296  
0.000035            80.439651            80.348785             0.090852  
0.000039            76.029510            75.943741             0.085659  
0.000043            72.532288            72.450592             0.081825  
0.000046            70.185699            70.106491             0.079220  
0.000050            67.240585            67.164810             0.075787  
0.000053            65.406006            65.332214             0.073803  
0.000056            63.601051            63.529175             0.071718  
0.000059            61.994904            61.924919             0.069924  
0.000063            60.089417            60.021637             0.067853  
0.000069            57.237869            57.173378             0.064411  
0.000075            55.016541            54.954643             0.062004  
0.000081            52.993652            52.933907             0.059752  
0.000088            50.781181            50.724045             0.057160  
0.000094            49.185287            49.129898             0.055391  
0.000100            47.717209            47.663483             0.053744  
0.000106            46.388485            46.336250             0.052266  
0.000113            44.881733            44.831238             0.050489  
0.000119            43.788948            43.739632             0.049292  
0.000125            42.708321            42.660328             0.048034  
0.000138            40.677456            40.631687             0.045734  
0.000150            39.005302            38.961506             0.043799  
0.000163            37.484097            37.441971             0.042117  
0.000175            36.175560            36.134998             0.040607  
0.000188            34.917454            34.878269             0.039169  
0.000200            33.895912            33.857857             0.038031  
0.000219            32.390320            32.354027             0.036283  
0.000238            31.084681            31.049902             0.034782  
0.000256            30.029911            29.996283             0.033614  
0.000275            28.986006            28.953613             0.032408  
0.000294            28.045027            28.013708             0.031320  
0.000313            27.197567            27.167227             0.030345  
0.000331            26.450298            26.420837             0.029471  
0.000350            25.782862            25.754116             0.028748  
0.000388            24.513294            24.486019             0.027275  
0.000425            23.452274            23.426231             0.026049  
0.000463            22.513329            22.488358             0.024977  
0.000500            21.689444            21.665428             0.024018  
0.000531            21.082127            21.058804             0.023325  
0.000563            20.507315            20.484655             0.022666  
0.000594            19.975185            19.953167             0.022034  
0.000625            19.503546            19.482061             0.021492  
0.000688            18.636288            18.615807             0.020484  
0.000750            17.885260            17.865650             0.019599  
0.000813            17.222383            17.203562             0.018826  
0.000875            16.643829            16.625689             0.018150  
0.000938            16.114511            16.096985             0.017527  
0.001000            15.648390            15.631411             0.016981  
0.001063            15.217660            15.201180             0.016475  
0.001125            14.829206            14.813191             0.016016  
0.001187            14.467079            14.451495             0.015581  
0.001250            14.142340            14.127136             0.015205  
0.001375            13.549798            13.535300             0.014497  
0.001500            13.025955            13.012099             0.013859  
0.001625            12.586991            12.573643             0.013341  
0.001750            12.177240            12.164411             0.012835  
0.001875            11.821297            11.808887             0.012403  
0.002000            11.502828            11.490813             0.012016  
0.002188            11.062245            11.050787             0.011462  
0.002375            10.697519            10.686500             0.011016  
0.002563            10.369475            10.358869             0.010607  
0.002750            10.075023            10.064793             0.010234  
0.002938             9.815658             9.805748             0.009908  
0.003125             9.578046             9.568440             0.009603  
0.003312             9.366523             9.357191             0.009333  
0.003500             9.170887             9.161812             0.009080  
0.003875             8.822625             8.814006             0.008620  
0.004250             8.537087             8.528839             0.008248  
0.004625             8.280382             8.272484             0.007900  
0.005000             8.056146             8.048557             0.007591  
0.005313             7.883519             7.876170             0.007346  
0.005625             7.738032             7.730887             0.007146  
0.005938             7.609001             7.602033             0.006969  
0.006250             7.483159             7.476373             0.006787  
0.006875             7.264217             7.257748             0.006469  
0.007500             7.078618             7.072424             0.006195  
0.008125             6.920490             6.914532             0.005959  
0.008750             6.776319             6.770583             0.005734  
0.009375             6.654650             6.649106             0.005545  
0.010000             6.541891             6.536531             0.005362  
0.010625             6.441938             6.436741             0.005199  
0.011250             6.356544             6.351485             0.005058  
0.011875             6.275280             6.270360             0.004920  
0.012500             6.205061             6.200259             0.004801  
0.013750             6.078648             6.074071             0.004578  
0.015000             5.968021             5.963647             0.004375  
0.016250             5.882225             5.878007             0.004216  
0.017500             5.798893             5.794841             0.004053  
0.018750             5.731552             5.727631             0.003919  
0.020000             5.671461             5.667665             0.003796  
0.021325             5.617204             5.613522             0.003683  
0.022650             5.559883             5.556323             0.003559  
0.023975             5.516625             5.513163             0.003463  
0.025300             5.479480             5.476101             0.003378  
0.026844             5.438691             5.435409             0.003283  
0.028387             5.402811             5.399614             0.003197  
0.029931             5.359596             5.356503             0.003093  
0.031475             5.331254             5.328234             0.003021  
0.034563             5.280505             5.277618             0.002889  
0.037650             5.234011             5.231247             0.002764  
0.040738             5.200579             5.197912             0.002667  
0.043825             5.166468             5.163899             0.002568  
0.046913             5.148257             5.145754             0.002505  
0.050000             5.107927             5.105536             0.002393  
0.053125             5.085434             5.083114             0.002321  
0.056250             5.070342             5.068074             0.002266  
0.059375             5.052183             5.049977             0.002205  
0.062500             5.049218             5.047041             0.002177  
0.068750             5.010543             5.008491             0.002053  
0.075000             4.997139             4.995152             0.001987  
0.081250             4.969028             4.967135             0.001891  
0.087500             4.947100             4.945289             0.001811  
0.093750             4.940101             4.938335             0.001765  
0.100000             4.928558             4.926847             0.001712  
0.106250             4.916929             4.915269             0.001660  
0.112500             4.906783             4.905172             0.001613  
0.118750             4.897945             4.896375             0.001570  
0.125000             4.890006             4.888474             0.001530  
0.137500             4.876340             4.874881             0.001459  
0.150000             4.864968             4.863571             0.001397  
0.162500             4.855344             4.854002             0.001342  
0.175000             4.847095             4.845800             0.001294  
0.187500             4.839943             4.838693             0.001250  
0.200000             4.833683             4.832473             0.001210  
0.218750             4.825634             4.824477             0.001157  
0.237500             4.818854             4.817743             0.001111  
0.256250             4.813065             4.811996             0.001069  
0.275000             4.808064             4.807031             0.001032  
0.293750             4.803700             4.802701             0.000999  
0.312500             4.799861             4.798892             0.000968  
0.331250             4.796456             4.795516             0.000941  
0.350000             4.793417             4.792501             0.000915  
0.387500             4.788222             4.787352             0.000870  
0.425000             4.783946             4.783114             0.000831  
0.500000             4.777317             4.776549             0.000767  
0.625000             4.769769             4.769083             0.000686  
0.750000             4.764714             4.764088             0.000626  
0.875000             4.761105             4.760525             0.000580  
1.000000             4.758407             4.757864             0.000542  
1.250000             4.754617             4.754131             0.000485  
1.500000             4.752075             4.751632             0.000443  
1.750000             4.750257             4.749849             0.000410  
2.000000             4.748897             4.748514             0.000383  
2.375000             4.747390             4.747038             0.000352  
2.750000             4.746288             4.745962             0.000326  
3.125000             4.745450             4.745143             0.000306  
3.500000             4.744793             4.744504             0.000289  
4.250000             4.743822             4.743559             0.000263  
5.000000             4.743137             4.742895             0.000242  
6.250000             4.742357             4.742140             0.000217  
7.500000             4.741831             4.741634             0.000198  
8.750000             4.741453             4.741270             0.000183  
10.000000             4.741168             4.740996             0.000171  
12.500000             4.740765             4.740611             0.000153  
15.000000             4.740490             4.740350             0.000140  
17.500000             4.740290             4.740161             0.000129  
20.000000             4.740138             4.740016             0.000121  
23.750000             4.739963             4.739851             0.000111  
27.500000             4.739830             4.739727             0.000103  
31.250000             4.739725             4.739628             0.000097  
35.000000             4.739638             4.739547             0.000091  
42.500000             4.739502             4.739419             0.000083  
50.000000             4.739394             4.739318             0.000077  
62.500000             4.739255             4.739187             0.000068  
75.000000             4.739143             4.739079             0.000062  
87.500000             4.739044             4.738986             0.000058  
100.000000             4.738956             4.738903             0.000054  
125.000000             2.351277             2.351253             0.000024  
