0.000010           225.852905           225.685669             0.168077  
0.000011           212.404541           212.250122             0.153817  
0.000011           212.404541           212.250122             0.153817  
0.000012           204.268555           204.119507             0.149245  
0.000013           194.103271           193.964233             0.138672  
0.000014           190.672363           190.530151             0.141561  
0.000015           184.586670           184.449707             0.137584  
0.000016           180.056030           179.920044             0.136117  
0.000018           164.619873           164.503784             0.117086  
0.000019           163.253174           163.132324             0.120567  
0.000020           160.721313           160.600647             0.121008  
0.000022           154.737671           154.618469             0.118634  
0.000024           147.436646           147.324219             0.112014  
0.000026           139.926941           139.822693             0.103838  
0.000028           135.562195           135.460754             0.101632  
0.000029           133.692078           133.590759             0.100923  
0.000031           129.433655           129.335632             0.097884  
0.000033           126.300598           126.203613             0.096720  
0.000035           121.662476           121.571167             0.091769  
0.000039           114.547974           114.462341             0.085371  
0.000043           109.859009           109.775848             0.082967  
0.000046           105.931335           105.851593             0.079579  
0.000050           101.486603           101.410675             0.076055  
0.000053            98.272705            98.199615             0.073202  
0.000056            96.288177            96.215271             0.072699  
0.000059            93.177856            93.108246             0.069436  
0.000063            90.450592            90.382812             0.067792  
0.000069            85.765411            85.702087             0.063306  
0.000075            83.094864            83.032303             0.062518  
0.000081            79.554092            79.494644             0.059257  
0.000088            76.329269            76.272415             0.056841  
0.000094            73.995987            73.940781             0.055290  
0.000100            71.923050            71.869034             0.053987  
0.000106            69.564133            69.512360             0.051776  
0.000113            67.346329            67.296341             0.050065  
0.000119            66.127914            66.078094             0.049866  
0.000125            64.296524            64.248367             0.048147  
0.000138            61.335556            61.289398             0.046104  
0.000150            58.911537            58.867111             0.044368  
0.000163            56.128387            56.086723             0.041691  
0.000175            54.025993            53.986122             0.039895  
0.000188            52.683662            52.644028             0.039686  
0.000200            51.048912            51.010544             0.038387  
0.000219            48.518471            48.482407             0.036066  
0.000238            46.494186            46.459763             0.034457  
0.000256            45.167374            45.133457             0.033929  
0.000275            43.330814            43.298710             0.032160  
0.000294            41.937000            41.905846             0.031136  
0.000313            40.706905            40.676514             0.030282  
0.000331            39.757542            39.727730             0.029797  
0.000350            38.593742            38.564972             0.028795  
0.000388            36.761398            36.733898             0.027525  
0.000425            35.084473            35.058289             0.026160  
0.000463            33.637543            33.612495             0.025064  
0.000500            32.358433            32.334389             0.024047  
0.000531            31.419447            31.396093             0.023339  
0.000563            30.549171            30.526476             0.022705  
0.000594            29.671066            29.649153             0.021914  
0.000625            29.006105            28.984591             0.021504  
0.000688            27.666025            27.645559             0.020470  
0.000750            26.553549            26.533876             0.019662  
0.000813            25.443939            25.425251             0.018690  
0.000875            24.605896            24.587776             0.018130  
0.000938            23.777508            23.760033             0.017478  
0.001000            23.045567            23.028667             0.016908  
0.001063            22.504234            22.487549             0.016676  
0.001125            21.813805            21.797775             0.016023  
0.001187            21.233944            21.218399             0.015542  
0.001250            20.756773            20.741528             0.015236  
0.001375            19.840004            19.825478             0.014537  
0.001500            19.016491            19.002619             0.013872  
0.001625            18.282370            18.269093             0.013266  
0.001750            17.686893            17.674026             0.012850  
0.001875            17.109737            17.097359             0.012381  
0.002000            16.603600            16.591614             0.011990  
0.002188            15.926897            15.915424             0.011464  
0.002375            15.352057            15.341024             0.011037  
0.002563            14.815403            14.804801             0.010600  
0.002750            14.361118            14.350857             0.010260  
0.002938            13.941392            13.931458             0.009932  
0.003125            13.561905            13.552270             0.009633  
0.003312            13.193419            13.184105             0.009309  
0.003500            12.869073            12.860030             0.009043  
0.003875            12.303978            12.295393             0.008587  
0.004250            11.822519            11.814313             0.008201  
0.004625            11.415485            11.407603             0.007889  
0.005000            11.071261            11.063622             0.007642  
0.005313            10.782539            10.775147             0.007388  
0.005625            10.516995            10.509846             0.007149  
0.005938            10.287020            10.280062             0.006959  
0.006250            10.079515            10.072730             0.006790  
0.006875             9.711495             9.705008             0.006491  
0.007500             9.373091             9.366904             0.006184  
0.008125             9.095634             9.089686             0.005953  
0.008750             8.847564             8.841828             0.005740  
0.009375             8.627956             8.622404             0.005551  
0.010000             8.439642             8.434242             0.005398  
0.010625             8.233414             8.228239             0.005178  
0.011250             8.089191             8.084116             0.005072  
0.011875             7.931931             7.927015             0.004916  
0.012500             7.793899             7.789116             0.004786  
0.013750             7.574409             7.569802             0.004606  
0.015000             7.367217             7.362810             0.004406  
0.016250             7.184021             7.179800             0.004221  
0.017500             7.024352             7.020294             0.004058  
0.018750             6.896099             6.892160             0.003939  
0.020000             6.766126             6.762330             0.003797  
0.021325             6.656394             6.652703             0.003689  
0.022650             6.554819             6.551236             0.003583  
0.023975             6.462391             6.458907             0.003484  
0.025300             6.377214             6.373826             0.003389  
0.026844             6.287565             6.284277             0.003288  
0.028387             6.213182             6.209974             0.003208  
0.029931             6.136763             6.133647             0.003115  
0.031475             6.078760             6.075706             0.003054  
0.034563             5.957351             5.954451             0.002900  
0.037650             5.849505             5.846754             0.002754  
0.040738             5.773375             5.770715             0.002662  
0.043825             5.704075             5.701506             0.002571  
0.046913             5.645151             5.642658             0.002493  
0.050000             5.602065             5.599621             0.002441  
0.053125             5.533909             5.531581             0.002328  
0.056250             5.498281             5.496000             0.002281  
0.059375             5.463180             5.460947             0.002230  
0.062500             5.417515             5.415359             0.002152  
0.068750             5.351455             5.349411             0.002043  
0.075000             5.307685             5.305714             0.001972  
0.081250             5.263785             5.261891             0.001895  
0.087500             5.231782             5.229944             0.001838  
0.093750             5.189248             5.187494             0.001754  
0.100000             5.153694             5.152011             0.001683  
0.106250             5.155801             5.154109             0.001691  
0.112500             5.095721             5.094160             0.001562  
0.118750             5.101744             5.100168             0.001576  
0.125000             5.085178             5.083638             0.001540  
0.137500             5.054046             5.052577             0.001468  
0.150000             5.041687             5.040251             0.001436  
0.162500             4.993062             4.991739             0.001323  
0.175000             4.991850             4.990537             0.001312  
0.187500             4.952135             4.950918             0.001217  
0.200000             4.961237             4.960009             0.001229  
0.218750             4.896837             4.895761             0.001075  
0.237500             4.908152             4.907066             0.001087  
0.256250             4.904662             4.903595             0.001066  
0.275000             4.893707             4.892676             0.001030  
0.293750             4.883668             4.882672             0.000996  
0.312500             4.876288             4.875319             0.000969  
0.331250             4.868424             4.867483             0.000941  
0.350000             4.861518             4.860604             0.000915  
0.387500             4.849710             4.848841             0.000870  
0.425000             4.840003             4.839172             0.000831  
0.500000             4.824954             4.824187             0.000767  
0.625000             4.807878             4.807193             0.000686  
0.750000             4.796480             4.795854             0.000626  
0.875000             4.788336             4.787757             0.000580  
1.000000             4.782230             4.781688             0.000542  
1.250000             4.773673             4.773188             0.000485  
1.500000             4.767956             4.767514             0.000443  
1.750000             4.763871             4.763463             0.000410  
2.000000             4.760808             4.760426             0.000383  
2.375000             4.757420             4.757069             0.000352  
2.750000             4.754951             4.754625             0.000327  
3.125000             4.753074             4.752768             0.000306  
3.500000             4.751601             4.751311             0.000289  
4.250000             4.749428             4.749165             0.000263  
5.000000             4.747903             4.747661             0.000242  
6.250000             4.746170             4.745952             0.000217  
7.500000             4.745008             4.744810             0.000198  
8.750000             4.744176             4.743993             0.000183  
10.000000             4.743551             4.743380             0.000171  
12.500000             4.742671             4.742518             0.000153  
15.000000             4.742079             4.741939             0.000140  
17.500000             4.741652             4.741523             0.000129  
20.000000             4.741329             4.741208             0.000121  
23.750000             4.740966             4.740854             0.000111  
27.500000             4.740697             4.740593             0.000103  
31.250000             4.740487             4.740391             0.000097  
35.000000             4.740319             4.740228             0.000091  
42.500000             4.740063             4.739980             0.000083  
50.000000             4.739871             4.739795             0.000077  
62.500000             4.739636             4.739568             0.000068  
75.000000             4.739460             4.739397             0.000062  
87.500000             4.739316             4.739258             0.000058  
100.000000             4.739194             4.739141             0.000054  
125.000000             2.339442             2.339418             0.000024  
